(16, 1995, -9.334939002990723, -0.11085202544927597, 0, 0, 0, 0, 0, 0, 0, 121, 121, 0, 0, 0, 240, 0, 0, 0, 0, 0, 0, 0, 0, 0, 0, 0, 242, 0, 0, 0, 0, 0, 124, 124)


(33, 1994, -9.658143997192383, -0.3225559592247009, 0, 0, 0, 0, 0, 0, 0, 121, 121, 0, 0, 0, 240, 0, 0, 0, 0, 0, 0, 0, 0, 0, 0, 0, 241, 0, 0, 0, 0, 0, 124, 124)


(50, 1994, -9.835184097290039, -0.5104998350143433, 0, 0, 0, 0, 0, 0, 0, 121, 120, 0, 0, 0, 239, 0, 0, 0, 0, 0, 0, 0, 0, 0, 0, 0, 241, 0, 0, 0, 0, 0, 123, 123)


(66, 1994, -10.037734031677246, -0.26772865653038025, 0, 0, 0, 0, 0, 0, 0, 120, 120, 0, 0, 0, 239, 0, 0, 0, 0, 0, 0, 0, 0, 0, 0, 0, 241, 0, 0, 0, 0, 0, 123, 123)


(83, 1993, -9.76852035522461, -0.36814749240875244, 0, 0, 0, 0, 0, 0, 0, 120, 120, 0, 0, 0, 239, 0, 0, 0, 0, 0, 0, 0, 0, 0, 0, 0, 240, 0, 0, 0, 0, 0, 123, 122)


(100, 1993, -9.80671215057373, -0.5405921936035156, 0, 0, 0, 0, 0, 0, 0, 119, 119, 0, 0, 0, 238, 0, 0, 0, 0, 0, 0, 0, 0, 0, 0, 0, 240, 0, 0, 0, 0, 0, 123, 122)


(116, 1993, -10.02964973449707, -0.35354748368263245, 0, 119, 0, 0, 0, 0, 0, 119, 119, 0, 0, 0, 238, 0, 0, 0, 0, 0, 0, 0, 0, 0, 0, 0, 240, 0, 0, 0, 0, 0, 122, 122)


(133, 1992, -9.812751770019531, -0.5715399384498596, 0, 119, 0, 0, 0, 0, 0, 119, 119, 0, 0, 0, 238, 0, 0, 0, 0, 0, 0, 0, 0, 0, 0, 0, 239, 0, 0, 0, 0, 0, 122, 121)


(150, 1992, -9.758304595947266, -0.7600075006484985, 0, 118, 0, 0, 0, 0, 0, 118, 119, 0, 0, 0, 237, 0, 0, 0, 0, 0, 0, 0, 0, 0, 0, 0, 239, 0, 0, 0, 0, 0, 122, 121)


(166, 1992, -9.743937492370605, -0.40273067355155945, 0, 118, 0, 0, 0, 0, 0, 118, 118, 0, 0, 0, 237, 0, 0, 0, 0, 0, 0, 0, 0, 0, 0, 0, 239, 0, 0, 0, 0, 0, 122, 121)


(183, 1991, -9.752281188964844, -0.24735473096370697, 0, 118, 0, 0, 0, 0, 120, 118, 118, 0, 0, 0, 237, 0, 0, 0, 0, 0, 0, 0, 0, 0, 0, 0, 238, 0, 0, 0, 0, 0, 121, 120)


(200, 1991, -9.531546592712402, -0.3899269700050354, 0, 117, 0, 0, 0, 0, 120, 117, 118, 0, 0, 0, 236, 0, 0, 0, 0, 0, 0, 0, 0, 0, 0, 0, 238, 0, 115, 0, 0, 0, 121, 120)


(216, 1991, -9.488554954528809, -0.5776748657226562, 0, 117, 0, 0, 0, 0, 119, 117, 117, 0, 0, 0, 236, 0, 0, 0, 0, 0, 0, 0, 0, 0, 0, 0, 238, 0, 115, 0, 0, 0, 121, 120)


(233, 1990, -9.515867233276367, -0.6093267798423767, 0, 117, 0, 0, 0, 0, 119, 117, 117, 0, 0, 0, 236, 0, 0, 0, 0, 0, 0, 0, 0, 0, 0, 0, 237, 0, 114, 0, 0, 0, 121, 120)


(250, 1990, -9.22071647644043, -0.684180736541748, 0, 116, 0, 0, 0, 0, 118, 116, 117, 0, 0, 0, 235, 0, 0, 0, 0, 0, 0, 0, 0, 0, 0, 0, 237, 0, 114, 0, 0, 0, 121, 119)


(266, 1990, -8.898553848266602, -0.6621374487876892, 0, 116, 0, 0, 0, 0, 118, 116, 116, 0, 0, 0, 235, 0, 0, 0, 0, 0, 0, 0, 0, 0, 0, 0, 237, 0, 114, 0, 0, 0, 120, 119)


(283, 1989, -9.04194450378418, -0.7515600323677063, 0, 116, 0, 0, 0, 0, 117, 116, 116, 0, 0, 0, 235, 0, 0, 0, 0, 0, 0, 0, 0, 0, 0, 0, 237, 0, 113, 0, 0, 0, 120, 119)


(300, 1989, -9.117295265197754, -0.8303418755531311, 0, 116, 0, 0, 0, 0, 117, 115, 116, 0, 0, 0, 234, 0, 0, 0, 0, 0, 0, 0, 0, 0, 0, 0, 0, 0, 113, 0, 0, 0, 120, 118)


(316, 1989, -8.93218994140625, -0.8563904762268066, 0, 115, 0, 0, 0, 0, 116, 115, 115, 0, 0, 0, 234, 0, 0, 0, 0, 0, 0, 0, 0, 0, 0, 0, 0, 0, 113, 0, 0, 0, 120, 118)


(333, 1988, -8.742596626281738, -0.9832424521446228, 0, 0, 0, 0, 0, 0, 116, 115, 115, 0, 0, 0, 234, 0, 0, 0, 0, 0, 0, 0, 0, 0, 0, 0, 0, 0, 112, 0, 0, 0, 0, 118)


(350, 1988, -8.677070617675781, -1.038771390914917, 0, 0, 0, 0, 0, 0, 115, 114, 115, 0, 0, 0, 233, 0, 0, 0, 0, 0, 0, 0, 0, 0, 0, 0, 0, 0, 112, 0, 0, 0, 0, 117)


(366, 1987, -8.619867324829102, -1.0045349597930908, 0, 0, 0, 0, 0, 0, 115, 114, 114, 0, 0, 0, 233, 0, 0, 0, 0, 0, 0, 0, 0, 0, 0, 0, 0, 0, 112, 0, 0, 0, 0, 117)


(383, 1987, -8.625551223754883, -0.9838032126426697, 0, 0, 0, 0, 0, 0, 115, 114, 114, 0, 0, 0, 232, 0, 0, 0, 0, 0, 0, 0, 0, 0, 0, 0, 0, 0, 111, 0, 0, 0, 0, 117)


(400, 1987, -8.73746395111084, -1.1427706480026245, 0, 0, 0, 0, 0, 0, 114, 113, 114, 0, 0, 0, 232, 0, 0, 0, 0, 0, 0, 0, 0, 0, 0, 0, 0, 0, 111, 0, 0, 0, 0, 116)


(416, 1986, -8.63690185546875, -1.0612969398498535, 0, 0, 0, 0, 0, 0, 114, 113, 113, 0, 0, 0, 232, 0, 0, 0, 0, 0, 0, 0, 0, 0, 0, 0, 0, 0, 111, 0, 0, 0, 0, 116)


(433, 1986, -9.002872467041016, -1.1549909114837646, 0, 0, 0, 0, 0, 0, 113, 112, 113, 0, 0, 0, 231, 0, 0, 0, 0, 0, 0, 0, 0, 0, 0, 0, 0, 0, 0, 0, 0, 0, 0, 116)


(450, 1986, -9.013588905334473, -1.3738021850585938, 0, 0, 0, 0, 0, 0, 113, 112, 113, 0, 0, 0, 231, 0, 0, 0, 0, 0, 0, 0, 0, 0, 0, 0, 0, 0, 0, 0, 0, 0, 0, 116)


(466, 1985, -8.802857398986816, -1.4551031589508057, 0, 0, 0, 0, 0, 0, 113, 112, 112, 0, 0, 0, 231, 0, 0, 0, 0, 0, 0, 0, 0, 0, 0, 0, 0, 0, 0, 0, 0, 0, 0, 115)


(483, 1985, -8.918778419494629, -1.4765247106552124, 0, 0, 0, 0, 0, 0, 112, 111, 112, 0, 0, 0, 230, 0, 0, 0, 0, 0, 0, 0, 0, 0, 0, 0, 0, 0, 0, 0, 0, 0, 0, 115)


(500, 1985, -8.938972473144531, -1.4053515195846558, 0, 0, 0, 0, 0, 0, 112, 111, 112, 0, 0, 0, 230, 0, 0, 0, 0, 0, 0, 0, 0, 0, 0, 0, 0, 0, 0, 0, 0, 0, 0, 115)


(516, 1984, -8.861326217651367, -1.4479900598526, 0, 0, 0, 0, 0, 0, 111, 111, 111, 0, 0, 0, 230, 0, 0, 0, 0, 0, 0, 0, 0, 0, 0, 0, 0, 0, 0, 0, 0, 0, 0, 115)


(533, 1984, -8.802719116210938, -1.5758780241012573, 0, 0, 0, 0, 0, 0, 111, 110, 111, 0, 0, 0, 229, 0, 0, 0, 0, 0, 0, 0, 0, 0, 0, 0, 0, 0, 0, 0, 0, 0, 0, 114)


(550, 1984, -8.848958015441895, -1.636829137802124, 0, 0, 0, 0, 0, 0, 111, 110, 111, 0, 0, 0, 229, 0, 0, 0, 0, 0, 0, 0, 0, 0, 0, 0, 0, 0, 0, 0, 0, 0, 0, 114)


(566, 1983, -9.163326263427734, -1.6288539171218872, 0, 0, 0, 0, 0, 0, 110, 110, 110, 0, 0, 0, 229, 0, 0, 0, 0, 0, 0, 0, 0, 0, 0, 0, 0, 0, 0, 0, 0, 0, 0, 114)


(583, 1983, -9.255526542663574, -1.7378876209259033, 0, 0, 0, 0, 0, 0, 110, 109, 110, 0, 0, 0, 228, 0, 0, 0, 0, 0, 0, 0, 0, 0, 0, 0, 0, 0, 0, 0, 0, 0, 0, 114)


(600, 1983, -9.231117248535156, -1.8762446641921997, 1, 0, 0, 0, 0, 0, 110, 109, 110, 0, 0, 0, 228, 0, 0, 0, 0, 0, 0, 0, 0, 0, 0, 0, 0, 0, 0, 107, 0, 0, 0, 114)


(616, 1982, -9.069028854370117, -1.8376408815383911, 1, 0, 0, 0, 0, 0, 109, 109, 109, 0, 0, 0, 228, 0, 0, 0, 0, 0, 0, 0, 0, 0, 0, 0, 0, 0, 0, 107, 0, 0, 0, 114)


(633, 1982, -8.973148345947266, -1.8390648365020752, 1, 0, 0, 0, 0, 0, 109, 108, 109, 0, 0, 0, 227, 0, 0, 0, 0, 0, 0, 0, 0, 0, 0, 0, 0, 0, 0, 106, 0, 0, 0, 114)


(650, 1981, -8.884031295776367, -1.7322384119033813, 1, 0, 0, 0, 0, 0, 108, 108, 109, 0, 0, 0, 227, 0, 0, 0, 0, 0, 0, 0, 0, 0, 0, 0, 0, 0, 0, 106, 0, 0, 0, 0)


(666, 1981, -9.037178993225098, -1.6048097610473633, 1, 0, 0, 0, 0, 0, 108, 108, 108, 0, 0, 0, 226, 0, 0, 0, 0, 0, 0, 0, 0, 0, 0, 0, 0, 0, 0, 105, 0, 0, 0, 0)


(683, 1981, -9.06937313079834, -1.417749285697937, 1, 0, 0, 0, 0, 0, 108, 107, 108, 0, 0, 0, 226, 0, 0, 0, 255, 0, 0, 0, 0, 0, 0, 0, 0, 0, 0, 105, 0, 0, 0, 0)


(700, 1980, -9.37767505645752, -1.3954018354415894, 1, 0, 0, 0, 0, 0, 107, 107, 108, 0, 0, 0, 226, 0, 0, 0, 255, 0, 0, 0, 0, 0, 0, 0, 0, 0, 0, 105, 0, 0, 0, 0)


(716, 1980, -9.48941707611084, -1.1740483045578003, 1, 0, 0, 0, 0, 0, 107, 106, 107, 0, 0, 0, 225, 0, 0, 255, 255, 0, 0, 0, 0, 0, 0, 0, 0, 0, 0, 104, 0, 0, 0, 0)


(733, 1980, -9.370262145996094, -1.3894736766815186, 1, 0, 0, 0, 0, 0, 107, 106, 107, 0, 0, 0, 225, 0, 0, 255, 254, 0, 0, 0, 0, 0, 0, 0, 0, 0, 0, 104, 0, 0, 0, 0)


(750, 1979, -9.266196250915527, -1.6610087156295776, 1, 0, 0, 0, 0, 0, 106, 106, 107, 0, 0, 0, 225, 0, 0, 255, 254, 0, 0, 0, 0, 0, 0, 0, 0, 0, 0, 104, 0, 0, 0, 0)


(766, 1979, -9.142244338989258, -1.61241614818573, 1, 0, 0, 0, 0, 0, 106, 105, 106, 0, 0, 0, 224, 0, 0, 254, 254, 0, 0, 0, 0, 0, 0, 0, 0, 0, 0, 104, 0, 0, 0, 0)


(783, 1979, -9.116156578063965, -1.567360281944275, 1, 0, 0, 0, 0, 0, 106, 105, 106, 0, 0, 0, 224, 0, 0, 254, 253, 0, 0, 0, 0, 0, 0, 0, 0, 0, 0, 0, 0, 0, 0, 0)


(800, 1978, -9.13769245147705, -1.5779520273208618, 1, 0, 0, 0, 0, 0, 105, 105, 106, 0, 0, 0, 224, 0, 0, 254, 253, 0, 0, 0, 0, 0, 0, 0, 0, 0, 0, 0, 0, 0, 0, 0)


(816, 1978, -9.0260648727417, -1.590625286102295, 1, 0, 0, 0, 0, 0, 105, 104, 105, 0, 0, 0, 223, 0, 0, 253, 252, 0, 0, 0, 0, 0, 0, 0, 0, 0, 0, 0, 0, 0, 0, 0)


(833, 1978, -8.9010591506958, -1.8032678365707397, 1, 0, 0, 0, 0, 0, 104, 104, 105, 0, 0, 0, 223, 0, 0, 253, 252, 0, 0, 0, 0, 0, 0, 0, 0, 0, 0, 0, 0, 0, 0, 0)


(850, 1977, -9.037215232849121, -1.9474472999572754, 1, 0, 0, 0, 0, 0, 104, 104, 105, 0, 0, 0, 223, 0, 0, 253, 252, 0, 0, 0, 0, 0, 0, 0, 0, 0, 0, 0, 0, 0, 0, 0)


(866, 1977, -8.96038818359375, -1.747466802597046, 1, 0, 0, 0, 0, 0, 104, 103, 104, 0, 0, 0, 222, 0, 0, 252, 251, 0, 0, 0, 0, 0, 0, 0, 0, 0, 0, 0, 0, 0, 0, 0)


(883, 1977, -8.93333911895752, -1.9409534931182861, 1, 0, 0, 0, 0, 0, 103, 103, 104, 0, 0, 0, 222, 0, 0, 252, 251, 0, 0, 0, 0, 0, 0, 0, 0, 0, 0, 255, 0, 0, 0, 0)


(900, 1976, -9.111021995544434, -2.089531660079956, 1, 0, 0, 0, 0, 0, 103, 103, 104, 0, 0, 0, 222, 0, 0, 252, 251, 0, 0, 0, 0, 0, 0, 0, 0, 0, 0, 255, 0, 0, 0, 0)


(916, 1976, -9.107120513916016, -2.095594882965088, 1, 0, 0, 0, 0, 0, 103, 102, 104, 0, 0, 0, 221, 0, 0, 252, 250, 0, 0, 0, 0, 0, 0, 0, 0, 0, 0, 254, 101, 0, 0, 0)


(933, 1976, -9.24649715423584, -1.9580330848693848, 1, 0, 0, 0, 255, 0, 102, 102, 103, 0, 0, 0, 221, 0, 0, 251, 250, 0, 0, 0, 0, 0, 0, 0, 0, 0, 0, 254, 100, 0, 0, 0)


(950, 1975, -8.961307525634766, -1.7758938074111938, 1, 0, 0, 0, 255, 0, 102, 102, 103, 0, 0, 0, 221, 0, 0, 251, 249, 0, 0, 0, 0, 0, 0, 0, 0, 223, 0, 254, 100, 0, 0, 0)


(966, 1975, -8.838444709777832, -1.7226052284240723, 1, 0, 0, 0, 255, 104, 101, 101, 103, 0, 0, 0, 220, 0, 0, 251, 249, 0, 0, 0, 0, 0, 0, 0, 0, 222, 0, 253, 99, 0, 0, 0)


(983, 1975, -8.920072555541992, -1.669757604598999, 1, 0, 0, 0, 254, 103, 101, 101, 102, 0, 0, 0, 220, 0, 0, 250, 249, 0, 0, 0, 0, 0, 0, 0, 0, 222, 0, 253, 99, 0, 0, 0)


(1000, 1974, -8.501697540283203, -1.6144956350326538, 1, 0, 0, 0, 254, 103, 101, 101, 102, 0, 0, 0, 219, 0, 0, 250, 248, 0, 0, 0, 0, 0, 0, 0, 0, 222, 0, 253, 99, 0, 0, 0)


(1016, 1974, -8.669663429260254, -1.8677526712417603, 1, 0, 0, 0, 253, 102, 100, 100, 102, 0, 0, 0, 219, 0, 0, 250, 248, 0, 0, 0, 0, 0, 0, 0, 0, 221, 0, 252, 98, 0, 0, 0)


(1033, 1973, -8.720279693603516, -1.8323675394058228, 1, 0, 0, 0, 253, 102, 100, 100, 101, 0, 0, 0, 219, 0, 0, 250, 248, 0, 0, 0, 0, 0, 0, 0, 0, 221, 0, 252, 98, 0, 0, 0)


(1050, 1973, -8.845105171203613, -1.8269518613815308, 1, 0, 0, 0, 253, 101, 100, 100, 101, 0, 0, 0, 218, 0, 0, 249, 247, 0, 0, 0, 0, 0, 0, 0, 0, 221, 0, 252, 98, 0, 0, 0)


(1066, 1973, -8.7424955368042, -1.6897984743118286, 1, 0, 0, 0, 252, 101, 99, 99, 101, 0, 0, 0, 218, 0, 0, 249, 247, 0, 0, 0, 0, 0, 0, 0, 0, 220, 0, 251, 98, 0, 0, 0)


(1083, 1972, -8.832159996032715, -1.7657246589660645, 1, 0, 0, 0, 252, 100, 99, 99, 100, 0, 0, 0, 218, 0, 0, 249, 247, 0, 0, 0, 0, 0, 0, 0, 0, 220, 0, 251, 0, 0, 0, 0)


(1100, 1972, -8.910235404968262, -1.8043373823165894, 1, 0, 0, 0, 251, 100, 99, 99, 100, 0, 0, 0, 217, 0, 0, 0, 246, 0, 0, 0, 0, 0, 0, 0, 0, 220, 0, 251, 0, 0, 0, 0)


(1116, 1972, -8.761661529541016, -1.8020007610321045, 1, 0, 0, 0, 251, 100, 98, 98, 100, 0, 0, 0, 217, 0, 0, 0, 246, 0, 0, 0, 0, 0, 0, 0, 0, 219, 0, 250, 0, 0, 0, 0)


(1133, 1971, -8.836089134216309, -1.5714998245239258, 1, 0, 0, 0, 251, 99, 98, 98, 99, 0, 0, 0, 217, 0, 0, 0, 245, 0, 0, 0, 0, 0, 0, 0, 0, 219, 0, 250, 0, 0, 0, 0)


(1150, 1971, -8.627727508544922, -1.5045630931854248, 1, 0, 0, 0, 250, 99, 97, 98, 99, 0, 0, 0, 216, 0, 0, 0, 245, 0, 0, 0, 0, 0, 0, 0, 0, 0, 0, 250, 0, 0, 0, 0)


(1166, 1971, -8.50322437286377, -1.468110203742981, 1, 0, 0, 0, 250, 98, 97, 97, 99, 0, 0, 0, 216, 0, 0, 0, 245, 0, 0, 0, 0, 0, 0, 0, 0, 0, 0, 249, 0, 0, 0, 0)


(1183, 1970, -8.465577125549316, -1.4286136627197266, 2, 0, 0, 0, 250, 98, 97, 97, 98, 0, 0, 0, 216, 0, 0, 0, 244, 0, 0, 0, 0, 0, 0, 0, 0, 0, 0, 249, 0, 95, 0, 0)


(1200, 1970, -8.581296920776367, -1.3474041223526, 2, 0, 0, 0, 249, 98, 96, 96, 98, 0, 0, 0, 215, 0, 0, 0, 244, 0, 0, 0, 0, 0, 0, 0, 0, 0, 0, 249, 0, 95, 0, 0)


(1216, 1970, -8.803860664367676, -1.3385897874832153, 2, 0, 0, 0, 249, 97, 96, 96, 98, 0, 0, 0, 215, 0, 0, 0, 244, 0, 0, 0, 0, 0, 0, 0, 0, 0, 0, 248, 0, 94, 0, 0)


(1233, 1969, -8.594910621643066, -1.2571978569030762, 2, 0, 0, 0, 248, 97, 96, 96, 98, 0, 0, 0, 214, 0, 0, 0, 243, 0, 0, 0, 0, 0, 0, 0, 0, 0, 0, 248, 0, 94, 0, 0)


(1250, 1969, -8.70570182800293, -1.0161018371582031, 2, 0, 0, 0, 248, 96, 95, 95, 97, 0, 0, 0, 214, 0, 0, 0, 243, 0, 0, 0, 0, 0, 0, 0, 0, 0, 0, 248, 0, 94, 0, 0)


(1266, 1968, -8.415589332580566, -0.7403053045272827, 2, 0, 0, 0, 248, 96, 95, 95, 97, 0, 0, 0, 214, 0, 0, 0, 242, 0, 0, 0, 0, 0, 0, 0, 0, 0, 0, 247, 0, 93, 0, 0)


(1283, 1968, -8.501152038574219, -0.5858262777328491, 2, 0, 0, 0, 247, 95, 95, 95, 97, 0, 0, 0, 213, 0, 0, 0, 242, 0, 0, 0, 0, 0, 0, 0, 0, 0, 0, 247, 0, 93, 0, 0)


(1300, 1968, -8.323265075683594, -0.4922495484352112, 2, 0, 0, 0, 247, 95, 94, 94, 97, 0, 0, 0, 213, 0, 0, 0, 242, 0, 0, 0, 0, 0, 0, 0, 0, 0, 0, 247, 249, 93, 0, 0)


(1316, 1967, -8.078402519226074, -0.7480340600013733, 2, 0, 0, 0, 247, 95, 94, 94, 0, 0, 0, 0, 213, 0, 0, 0, 241, 0, 0, 0, 0, 0, 0, 0, 0, 0, 0, 246, 248, 92, 0, 0)


(1333, 1967, -8.214553833007812, -0.8495426774024963, 2, 0, 0, 0, 246, 94, 93, 94, 0, 0, 0, 0, 212, 0, 0, 0, 241, 0, 0, 0, 0, 0, 0, 0, 0, 0, 0, 246, 248, 92, 0, 0)


(1350, 1967, -8.046549797058105, -0.7895174622535706, 2, 0, 0, 0, 246, 94, 93, 93, 0, 0, 0, 0, 212, 0, 0, 0, 241, 0, 0, 0, 0, 0, 0, 0, 0, 0, 0, 246, 247, 92, 0, 0)


(1366, 1966, -8.128774642944336, -0.7789915204048157, 2, 0, 0, 0, 245, 93, 93, 93, 0, 0, 0, 0, 212, 0, 0, 0, 240, 0, 0, 0, 0, 0, 0, 0, 0, 0, 0, 246, 247, 0, 0, 0)


(1383, 1966, -8.254681587219238, -0.8304703831672668, 2, 0, 0, 0, 245, 93, 92, 93, 0, 0, 0, 0, 211, 0, 0, 0, 240, 0, 0, 0, 0, 0, 0, 0, 0, 0, 0, 245, 246, 0, 0, 0)


(1400, 1966, -8.194334030151367, -0.7727757096290588, 2, 0, 0, 0, 245, 93, 92, 92, 0, 0, 0, 0, 211, 0, 0, 0, 240, 0, 0, 0, 0, 0, 0, 0, 0, 0, 0, 245, 246, 0, 0, 0)


(1416, 1965, -8.391419410705566, -0.9370166659355164, 2, 0, 0, 0, 244, 92, 92, 92, 0, 0, 0, 0, 211, 0, 0, 0, 239, 0, 0, 0, 0, 0, 0, 0, 0, 0, 0, 245, 245, 0, 0, 0)


(1433, 1965, -8.471471786499023, -1.185895323753357, 2, 0, 0, 0, 244, 92, 91, 92, 0, 0, 0, 0, 210, 0, 0, 0, 239, 0, 0, 0, 0, 0, 0, 0, 0, 0, 0, 244, 245, 0, 0, 0)


(1450, 1965, -8.165336608886719, -1.2158235311508179, 2, 0, 0, 0, 244, 91, 91, 91, 0, 0, 0, 0, 210, 0, 0, 0, 238, 0, 0, 0, 0, 0, 0, 0, 0, 0, 0, 244, 244, 0, 0, 0)


(1466, 1964, -8.376522064208984, -1.1773216724395752, 2, 0, 0, 0, 243, 91, 91, 91, 0, 0, 0, 0, 209, 0, 0, 0, 238, 0, 0, 0, 0, 0, 0, 0, 0, 0, 0, 244, 244, 0, 89, 0)


(1483, 1964, -8.279623031616211, -1.1085535287857056, 2, 0, 0, 0, 243, 91, 90, 91, 0, 0, 0, 0, 209, 0, 0, 0, 238, 0, 0, 0, 0, 0, 0, 0, 0, 0, 0, 244, 243, 0, 89, 0)


(1500, 1963, -8.380890846252441, -1.3050014972686768, 2, 0, 0, 0, 243, 90, 90, 90, 0, 0, 0, 0, 209, 0, 0, 0, 237, 0, 0, 0, 0, 0, 0, 0, 0, 0, 0, 243, 243, 0, 88, 0)


(1516, 1963, -8.493487358093262, -1.3066326379776, 2, 0, 0, 0, 242, 90, 90, 90, 0, 0, 0, 0, 208, 0, 0, 0, 237, 0, 0, 0, 0, 0, 0, 0, 0, 0, 0, 243, 242, 0, 88, 0)


(1533, 1963, -8.243160247802734, -1.39844810962677, 2, 0, 0, 0, 92, 89, 89, 90, 0, 0, 0, 0, 208, 0, 0, 0, 237, 0, 0, 0, 0, 0, 0, 0, 0, 0, 0, 243, 242, 0, 88, 0)


(1550, 1962, -8.282336235046387, -1.626600980758667, 2, 0, 0, 0, 91, 89, 89, 89, 0, 0, 0, 0, 208, 0, 0, 0, 236, 0, 0, 0, 0, 0, 0, 0, 0, 0, 0, 243, 242, 0, 87, 0)


(1566, 1962, -8.20166015625, -1.6822153329849243, 2, 0, 0, 0, 91, 89, 88, 89, 0, 0, 0, 0, 207, 0, 0, 0, 236, 0, 0, 0, 0, 0, 0, 0, 0, 0, 0, 243, 241, 0, 87, 0)


(1583, 1962, -8.296459197998047, -1.6041828393936157, 2, 0, 0, 0, 90, 88, 88, 89, 0, 0, 0, 0, 207, 0, 0, 0, 236, 0, 0, 0, 0, 0, 0, 0, 0, 0, 0, 242, 241, 0, 87, 0)


(1600, 1961, -8.355011940002441, -1.5952650308609009, 2, 0, 0, 0, 90, 88, 88, 88, 0, 0, 0, 0, 207, 0, 0, 0, 235, 0, 0, 0, 0, 0, 0, 0, 0, 0, 0, 243, 240, 0, 87, 0)


(1616, 1961, -8.33712387084961, -1.7471420764923096, 2, 0, 0, 0, 89, 88, 87, 88, 0, 0, 0, 0, 206, 0, 0, 0, 235, 0, 0, 0, 0, 0, 0, 0, 0, 0, 0, 0, 240, 0, 0, 0)


(1633, 1961, -8.292742729187012, -1.8075276613235474, 2, 0, 0, 0, 89, 87, 87, 88, 0, 0, 0, 0, 206, 0, 0, 0, 234, 0, 0, 0, 0, 0, 0, 0, 0, 0, 0, 0, 240, 0, 0, 0)


(1650, 1960, -8.238877296447754, -2.101480484008789, 2, 0, 0, 0, 88, 87, 87, 87, 0, 0, 0, 0, 205, 0, 0, 0, 234, 0, 0, 0, 0, 0, 0, 0, 0, 0, 0, 0, 239, 0, 0, 0)


(1666, 1960, -8.239837646484375, -1.9836127758026123, 2, 0, 0, 0, 88, 86, 86, 87, 0, 0, 0, 0, 205, 0, 0, 0, 234, 0, 0, 0, 0, 0, 0, 0, 0, 0, 0, 0, 239, 0, 0, 0)


(1683, 1959, -8.159329414367676, -1.9120168685913086, 2, 0, 0, 0, 87, 86, 86, 87, 0, 0, 0, 0, 205, 0, 0, 0, 233, 0, 0, 0, 0, 0, 0, 0, 0, 0, 0, 0, 238, 0, 0, 85)


(1700, 1959, -8.004135131835938, -1.8574179410934448, 2, 0, 0, 0, 87, 86, 86, 86, 0, 0, 0, 0, 204, 0, 0, 0, 233, 0, 0, 0, 0, 0, 0, 0, 0, 0, 0, 0, 238, 0, 0, 84)


(1716, 1959, -7.915322780609131, -1.5251089334487915, 2, 0, 0, 0, 86, 85, 85, 86, 0, 0, 0, 0, 204, 0, 0, 0, 233, 0, 0, 0, 0, 0, 0, 0, 0, 0, 207, 0, 238, 0, 0, 84)


(1733, 1958, -8.008622169494629, -1.4412404298782349, 2, 0, 0, 0, 86, 85, 85, 86, 0, 0, 0, 0, 204, 0, 0, 0, 232, 0, 0, 0, 0, 0, 0, 0, 0, 0, 206, 0, 237, 0, 0, 84)


(1750, 1958, -8.226831436157227, -1.3114221096038818, 2, 0, 0, 0, 86, 85, 85, 85, 0, 0, 0, 0, 203, 0, 0, 0, 232, 0, 0, 0, 0, 0, 0, 0, 0, 0, 206, 0, 237, 0, 0, 83)


(1766, 1958, -8.101699829101562, -1.3891186714172363, 2, 0, 0, 0, 85, 84, 84, 85, 0, 0, 0, 0, 203, 0, 0, 0, 231, 0, 0, 0, 0, 0, 0, 0, 0, 0, 205, 0, 237, 0, 0, 83)


(1783, 1957, -8.063776016235352, -1.1376577615737915, 2, 0, 0, 0, 85, 84, 84, 85, 0, 0, 0, 0, 203, 0, 0, 0, 231, 0, 0, 0, 0, 0, 0, 0, 0, 0, 205, 0, 236, 0, 0, 83)


(1800, 1957, -8.004612922668457, -1.1835263967514038, 2, 0, 0, 0, 84, 83, 83, 84, 0, 0, 0, 0, 202, 0, 0, 0, 231, 0, 0, 0, 0, 0, 0, 0, 0, 0, 205, 0, 236, 0, 0, 82)


(1816, 1957, -8.172761917114258, -1.0764570236206055, 2, 0, 0, 0, 84, 83, 83, 84, 0, 0, 0, 0, 202, 0, 0, 0, 230, 0, 0, 0, 0, 0, 0, 0, 0, 0, 204, 0, 236, 0, 0, 0)


(1833, 1956, -8.391511917114258, -0.8995274305343628, 2, 0, 0, 0, 83, 83, 83, 84, 0, 0, 0, 0, 201, 0, 0, 0, 230, 0, 0, 0, 0, 0, 0, 0, 0, 0, 204, 0, 235, 0, 0, 0)


(1849, 1956, -8.456671714782715, -0.9543435573577881, 2, 0, 0, 0, 83, 82, 82, 83, 0, 0, 0, 0, 201, 0, 0, 0, 230, 0, 0, 0, 0, 0, 0, 0, 0, 0, 204, 0, 235, 0, 0, 0)


(1866, 1955, -8.37326717376709, -0.8835176229476929, 2, 0, 0, 0, 83, 82, 82, 83, 0, 0, 0, 0, 201, 0, 0, 0, 229, 0, 0, 0, 0, 0, 0, 0, 0, 0, 203, 0, 235, 0, 0, 0)


(1883, 1955, -8.180788040161133, -0.6895626187324524, 2, 0, 0, 0, 82, 82, 82, 83, 0, 0, 0, 0, 200, 0, 0, 0, 229, 0, 0, 0, 0, 0, 0, 0, 0, 0, 203, 0, 234, 0, 0, 0)


(1900, 1955, -8.263416290283203, -0.8144599199295044, 2, 0, 0, 0, 82, 81, 81, 83, 0, 0, 0, 0, 200, 0, 0, 0, 229, 0, 0, 0, 0, 0, 0, 0, 0, 0, 203, 0, 234, 0, 0, 0)


(1916, 1954, -8.312215805053711, -0.8582644462585449, 2, 0, 0, 236, 81, 81, 81, 82, 0, 0, 0, 0, 200, 0, 0, 0, 228, 0, 0, 0, 0, 0, 0, 0, 0, 0, 0, 0, 233, 0, 0, 0)


(1933, 1954, -8.291410446166992, -0.899880051612854, 2, 0, 0, 236, 81, 80, 81, 82, 0, 0, 0, 0, 199, 0, 0, 0, 228, 0, 0, 0, 0, 0, 0, 0, 0, 0, 0, 0, 233, 0, 0, 0)


(1950, 1954, -8.433629035949707, -0.8784152865409851, 2, 0, 0, 235, 81, 80, 80, 82, 0, 0, 0, 0, 199, 0, 0, 0, 227, 0, 0, 0, 0, 0, 0, 0, 0, 0, 0, 0, 233, 0, 0, 0)


(1966, 1953, -8.46904182434082, -1.1179133653640747, 2, 0, 0, 234, 80, 80, 80, 81, 0, 0, 0, 0, 199, 0, 0, 0, 227, 0, 0, 0, 0, 0, 0, 0, 0, 0, 0, 0, 233, 0, 0, 0)


(1983, 1953, -8.389789581298828, -1.0310171842575073, 2, 0, 0, 82, 80, 79, 80, 81, 0, 0, 0, 0, 198, 0, 0, 0, 227, 0, 0, 0, 0, 0, 0, 0, 0, 0, 0, 0, 232, 0, 0, 0)


(2000, 1953, -8.379258155822754, -1.1257611513137817, 2, 0, 0, 81, 79, 79, 79, 81, 0, 0, 0, 0, 198, 0, 0, 0, 226, 0, 0, 0, 0, 0, 0, 0, 0, 0, 0, 0, 232, 0, 0, 0)


(2016, 1952, -8.224615097045898, -1.0460741519927979, 3, 0, 0, 81, 79, 79, 79, 81, 0, 0, 0, 0, 198, 0, 0, 0, 226, 0, 0, 0, 0, 0, 0, 0, 0, 0, 0, 0, 232, 234, 0, 0)


(2033, 1952, -8.059741020202637, -0.9452065825462341, 3, 0, 0, 80, 79, 78, 79, 80, 0, 0, 0, 0, 197, 0, 0, 0, 226, 0, 0, 0, 0, 0, 0, 0, 0, 0, 0, 0, 231, 233, 0, 0)


(2050, 1951, -8.111294746398926, -0.8706952929496765, 3, 0, 0, 80, 78, 78, 78, 80, 0, 0, 0, 0, 197, 0, 0, 0, 225, 0, 0, 0, 0, 0, 0, 0, 0, 0, 0, 0, 231, 232, 0, 0)


(2066, 1951, -8.055174827575684, -0.7839347720146179, 3, 0, 0, 79, 78, 78, 78, 80, 0, 0, 0, 0, 197, 0, 0, 0, 225, 0, 0, 0, 0, 0, 0, 0, 0, 0, 0, 0, 231, 232, 0, 0)


(2083, 1951, -8.198942184448242, -0.6214356422424316, 3, 0, 0, 79, 77, 77, 78, 0, 0, 0, 0, 0, 196, 0, 0, 0, 225, 0, 0, 0, 0, 0, 0, 0, 0, 0, 0, 0, 230, 231, 0, 0)


(2100, 1950, -8.182682037353516, -0.4013673663139343, 3, 0, 0, 78, 77, 77, 77, 0, 0, 0, 0, 0, 196, 0, 0, 0, 224, 0, 0, 0, 0, 0, 0, 0, 0, 0, 0, 0, 230, 231, 0, 0)


(2116, 1950, -8.342554092407227, -0.437110960483551, 3, 0, 0, 78, 77, 77, 77, 0, 0, 0, 0, 0, 196, 0, 0, 0, 224, 0, 0, 0, 0, 0, 0, 0, 0, 0, 0, 0, 230, 230, 0, 0)


(2133, 1950, -8.381756782531738, -0.4825569689273834, 3, 0, 0, 77, 76, 76, 77, 0, 0, 0, 0, 0, 195, 0, 0, 0, 223, 0, 0, 0, 0, 0, 0, 0, 0, 0, 0, 0, 229, 230, 0, 0)


(2150, 1949, -8.58328914642334, -0.7168517708778381, 3, 0, 0, 77, 76, 76, 76, 0, 0, 0, 0, 0, 195, 0, 0, 0, 223, 0, 0, 0, 0, 0, 0, 0, 0, 0, 0, 0, 229, 230, 0, 0)


(2166, 1949, -8.616606712341309, -0.5674182772636414, 3, 0, 0, 76, 76, 76, 76, 0, 0, 0, 0, 0, 0, 0, 0, 0, 223, 0, 0, 0, 0, 0, 0, 0, 0, 0, 0, 0, 229, 229, 0, 0)


(2183, 1949, -8.607850074768066, -0.37471020221710205, 3, 0, 0, 76, 75, 75, 76, 0, 0, 0, 0, 0, 0, 0, 0, 0, 222, 0, 0, 0, 0, 0, 0, 0, 0, 0, 0, 0, 229, 229, 0, 0)


(2200, 1948, -8.60788631439209, -0.3890879154205322, 3, 0, 0, 76, 75, 75, 76, 0, 0, 0, 0, 0, 0, 0, 0, 0, 222, 0, 0, 0, 0, 0, 0, 0, 0, 0, 0, 0, 228, 228, 0, 0)


(2216, 1948, -9.134929656982422, -0.7714954614639282, 3, 0, 0, 75, 74, 74, 75, 0, 0, 0, 0, 0, 0, 0, 0, 0, 222, 0, 0, 0, 0, 0, 0, 0, 0, 0, 0, 0, 228, 228, 0, 0)


(2233, 1948, -9.203923225402832, -0.41764041781425476, 3, 0, 0, 75, 74, 74, 75, 0, 0, 0, 0, 0, 0, 0, 0, 0, 221, 0, 0, 0, 0, 0, 0, 0, 0, 0, 0, 0, 228, 227, 0, 0)


(2250, 1947, -9.195430755615234, -0.4905708432197571, 3, 0, 0, 74, 74, 74, 75, 0, 0, 0, 0, 0, 0, 0, 0, 0, 221, 0, 0, 0, 0, 0, 0, 0, 0, 0, 0, 0, 228, 227, 0, 0)


(2266, 1947, -9.220162391662598, -0.43283987045288086, 3, 0, 0, 74, 73, 74, 74, 0, 0, 0, 0, 0, 0, 0, 0, 0, 221, 0, 0, 0, 0, 0, 0, 0, 0, 0, 0, 0, 227, 227, 0, 0)


(2283, 1946, -9.653459548950195, -0.35344696044921875, 3, 0, 0, 74, 73, 73, 74, 0, 0, 0, 0, 0, 0, 0, 0, 0, 220, 0, 0, 0, 0, 0, 0, 0, 0, 0, 0, 0, 227, 226, 0, 0)


(2300, 1946, -9.721453666687012, -0.4681559205055237, 3, 0, 75, 73, 73, 73, 74, 0, 0, 0, 0, 0, 0, 0, 0, 0, 220, 0, 0, 0, 0, 0, 0, 0, 0, 0, 0, 0, 227, 226, 0, 0)


(2316, 1946, -9.964608192443848, -0.6797802448272705, 3, 0, 75, 73, 72, 73, 74, 0, 0, 0, 0, 0, 0, 0, 0, 0, 220, 0, 0, 0, 0, 0, 0, 0, 0, 0, 0, 0, 227, 225, 0, 0)


(2333, 1945, -9.954440116882324, -0.6152798533439636, 3, 0, 74, 72, 72, 72, 73, 0, 0, 0, 0, 0, 0, 0, 0, 0, 219, 0, 0, 0, 0, 0, 0, 0, 0, 0, 0, 0, 226, 225, 0, 0)


(2350, 1945, -9.658105850219727, -0.5098368525505066, 3, 0, 73, 72, 72, 72, 73, 0, 0, 0, 0, 0, 0, 0, 0, 0, 219, 0, 0, 0, 0, 0, 0, 0, 0, 0, 0, 0, 226, 225, 0, 0)


(2366, 1945, -9.936613082885742, -0.525212824344635, 3, 0, 73, 72, 71, 72, 73, 0, 0, 0, 0, 0, 0, 0, 0, 0, 219, 0, 0, 0, 0, 0, 0, 0, 0, 0, 0, 0, 226, 224, 0, 0)


(2383, 1944, -9.811039924621582, -0.5689677596092224, 3, 0, 73, 71, 71, 71, 72, 0, 0, 0, 0, 0, 0, 0, 0, 0, 218, 0, 0, 0, 0, 0, 0, 0, 0, 0, 0, 0, 226, 224, 0, 0)


(2400, 1944, -9.94603157043457, -0.6359248161315918, 3, 0, 72, 71, 71, 71, 72, 0, 0, 0, 0, 0, 0, 0, 0, 0, 218, 0, 0, 0, 0, 0, 0, 0, 0, 0, 0, 0, 0, 224, 0, 0)


(2416, 1944, -10.023350715637207, -0.6969260573387146, 3, 0, 72, 71, 70, 71, 72, 0, 0, 0, 0, 0, 0, 0, 0, 0, 218, 0, 0, 0, 0, 0, 0, 0, 0, 0, 0, 0, 0, 223, 0, 0)


(2433, 1943, -9.870670318603516, -0.5928053259849548, 3, 0, 71, 70, 70, 70, 72, 0, 0, 0, 0, 0, 0, 0, 0, 0, 217, 0, 0, 0, 0, 0, 0, 0, 0, 0, 0, 0, 0, 223, 0, 0)


(2450, 1943, -9.944371223449707, -0.47216176986694336, 3, 0, 71, 70, 70, 70, 71, 0, 0, 0, 0, 0, 0, 0, 0, 0, 217, 0, 0, 0, 0, 0, 0, 0, 0, 0, 0, 0, 0, 223, 0, 0)


(2466, 1943, -9.907567024230957, -0.4636540114879608, 3, 0, 70, 70, 69, 70, 71, 0, 0, 0, 0, 0, 0, 0, 0, 0, 217, 0, 0, 0, 0, 0, 0, 0, 0, 0, 0, 191, 0, 222, 0, 0)


(2483, 1942, -9.737643241882324, -0.3515875041484833, 3, 0, 70, 69, 69, 70, 71, 0, 0, 0, 0, 0, 0, 0, 0, 0, 216, 0, 0, 0, 0, 0, 0, 0, 0, 0, 0, 191, 0, 222, 0, 0)


(2500, 1942, -9.730298042297363, -0.27388298511505127, 3, 0, 70, 69, 69, 69, 71, 0, 0, 0, 0, 0, 0, 0, 0, 0, 216, 0, 0, 0, 0, 0, 0, 0, 0, 0, 0, 190, 0, 222, 0, 0)


(2516, 1942, -9.577829360961914, -0.49054044485092163, 3, 0, 69, 69, 68, 69, 71, 0, 0, 0, 0, 0, 0, 0, 0, 0, 216, 0, 0, 0, 0, 0, 0, 0, 0, 0, 0, 190, 0, 221, 0, 0)


(2533, 1941, -9.53724193572998, -0.414854496717453, 3, 0, 69, 68, 68, 69, 0, 0, 0, 0, 0, 0, 0, 0, 0, 0, 215, 0, 0, 0, 0, 0, 0, 0, 0, 0, 0, 190, 0, 221, 0, 0)


(2550, 1941, -9.542440414428711, -0.7239544987678528, 3, 0, 68, 68, 68, 68, 0, 0, 0, 0, 0, 0, 0, 0, 0, 0, 215, 0, 0, 0, 0, 0, 0, 0, 0, 0, 0, 189, 0, 221, 0, 0)


(2566, 1941, -9.25703239440918, -0.5430142283439636, 3, 0, 68, 67, 67, 68, 0, 0, 0, 0, 0, 0, 0, 0, 0, 0, 215, 0, 0, 0, 0, 0, 0, 0, 0, 0, 0, 189, 0, 220, 0, 0)


(2583, 1940, -9.36142349243164, -0.43034887313842773, 3, 69, 68, 67, 67, 68, 0, 0, 0, 0, 0, 0, 0, 0, 0, 0, 214, 0, 0, 0, 0, 0, 0, 0, 0, 0, 0, 189, 0, 220, 0, 0)


(2600, 1940, -9.55417251586914, -0.551999032497406, 3, 69, 67, 67, 67, 67, 0, 0, 0, 0, 0, 0, 0, 0, 0, 0, 214, 0, 0, 0, 0, 0, 0, 0, 0, 0, 0, 188, 0, 220, 0, 0)


(2616, 1940, -9.487649917602539, -0.3837049603462219, 3, 68, 67, 66, 67, 67, 0, 0, 0, 0, 0, 0, 0, 0, 0, 0, 214, 0, 0, 0, 0, 0, 0, 0, 0, 0, 0, 188, 0, 219, 0, 0)


(2633, 1939, -9.398914337158203, -0.22937147319316864, 3, 68, 66, 66, 66, 67, 0, 0, 0, 0, 0, 0, 0, 0, 0, 0, 213, 0, 0, 0, 0, 0, 0, 0, 0, 0, 0, 188, 0, 219, 0, 0)


(2650, 1939, -9.188752174377441, -0.28703373670578003, 3, 67, 66, 66, 66, 67, 0, 0, 0, 0, 0, 0, 0, 0, 0, 0, 213, 0, 0, 0, 0, 0, 0, 0, 0, 0, 0, 187, 0, 219, 0, 0)


(2666, 1939, -9.086418151855469, -0.4736862778663635, 3, 67, 66, 65, 66, 66, 0, 0, 0, 0, 0, 0, 0, 0, 0, 0, 212, 0, 0, 0, 0, 0, 0, 0, 0, 0, 0, 187, 0, 218, 0, 0)


(2683, 1938, -8.909272193908691, -0.32250428199768066, 3, 66, 65, 65, 65, 66, 0, 0, 0, 0, 0, 0, 0, 0, 0, 0, 212, 0, 0, 0, 0, 0, 0, 0, 0, 0, 0, 187, 0, 218, 0, 0)


(2700, 1938, -8.877300262451172, -0.5131828784942627, 3, 66, 65, 65, 65, 66, 0, 0, 0, 0, 0, 0, 0, 0, 0, 0, 212, 0, 0, 0, 0, 0, 0, 0, 0, 0, 0, 0, 0, 218, 0, 0)


(2716, 1938, -8.523173332214355, -0.4432455599308014, 3, 65, 65, 64, 65, 66, 0, 0, 0, 0, 0, 0, 0, 0, 0, 0, 211, 0, 0, 0, 0, 0, 0, 0, 0, 0, 0, 0, 0, 217, 0, 0)


(2733, 1937, -8.560617446899414, -0.5902683734893799, 3, 65, 64, 64, 64, 65, 0, 0, 0, 0, 0, 0, 0, 0, 0, 0, 211, 0, 0, 0, 0, 0, 0, 0, 0, 0, 0, 0, 0, 217, 0, 0)


(2750, 1937, -8.635489463806152, -0.8465872406959534, 3, 65, 64, 64, 64, 65, 0, 0, 0, 0, 0, 0, 0, 0, 0, 0, 211, 0, 0, 0, 0, 0, 0, 0, 0, 0, 0, 0, 0, 217, 219, 0)


(2766, 1937, -8.480361938476562, -0.781544029712677, 3, 64, 63, 63, 64, 65, 0, 0, 0, 0, 0, 0, 0, 0, 0, 0, 210, 0, 0, 0, 0, 0, 0, 0, 0, 0, 0, 0, 0, 216, 218, 0)


(2783, 1936, -8.575603485107422, -0.6504257917404175, 3, 64, 63, 63, 63, 64, 0, 0, 0, 0, 0, 0, 0, 0, 0, 0, 210, 0, 0, 0, 0, 0, 0, 0, 0, 0, 0, 0, 0, 216, 218, 0)


(2800, 1936, -8.553610801696777, -0.5916873812675476, 3, 63, 63, 63, 63, 64, 0, 0, 0, 0, 0, 0, 0, 0, 0, 0, 210, 0, 0, 0, 0, 0, 0, 0, 0, 0, 0, 0, 0, 216, 217, 0)


(2816, 1935, -8.383429527282715, -0.7747862935066223, 3, 63, 62, 62, 63, 64, 0, 0, 0, 0, 0, 0, 0, 0, 0, 0, 209, 0, 0, 0, 0, 0, 0, 0, 0, 0, 0, 0, 0, 215, 217, 0)


(2833, 1935, -8.339768409729004, -0.67864590883255, 3, 62, 62, 62, 62, 64, 0, 0, 0, 0, 0, 0, 0, 0, 0, 0, 209, 0, 0, 0, 0, 0, 0, 0, 0, 0, 0, 0, 0, 215, 216, 0)


(2850, 1935, -8.160531044006348, -0.4089759290218353, 3, 62, 62, 62, 62, 64, 0, 0, 0, 0, 0, 0, 0, 0, 0, 0, 209, 0, 0, 0, 0, 0, 0, 0, 0, 0, 0, 0, 0, 215, 216, 0)


(2866, 1934, -8.159210205078125, -0.3062349557876587, 3, 62, 61, 61, 62, 64, 0, 0, 0, 0, 0, 0, 0, 0, 0, 0, 208, 0, 0, 0, 0, 0, 0, 0, 0, 0, 0, 0, 0, 214, 215, 0)


(2883, 1934, -8.596564292907715, -0.1761607676744461, 3, 61, 61, 61, 61, 0, 0, 0, 0, 0, 0, 0, 0, 0, 0, 0, 208, 0, 0, 0, 0, 0, 0, 0, 0, 0, 0, 0, 0, 214, 215, 0)


(2900, 1934, -8.669797897338867, -0.4184918999671936, 3, 61, 61, 61, 61, 0, 0, 0, 0, 0, 0, 0, 0, 0, 0, 0, 207, 0, 0, 0, 0, 0, 0, 0, 0, 0, 0, 0, 0, 214, 214, 0)


(2916, 1933, -8.670985221862793, -0.16004043817520142, 3, 60, 60, 60, 61, 0, 0, 0, 0, 0, 0, 0, 0, 0, 0, 0, 207, 0, 0, 0, 0, 0, 0, 0, 0, 0, 0, 0, 0, 214, 214, 0)


(2933, 1933, -8.603239059448242, 0.031037449836730957, 3, 60, 60, 60, 61, 0, 0, 0, 0, 0, 0, 0, 0, 0, 0, 0, 207, 0, 0, 0, 0, 0, 0, 0, 0, 0, 0, 0, 0, 213, 213, 0)


(2950, 1933, -8.87251091003418, 0.17853562533855438, 3, 60, 59, 60, 60, 0, 0, 0, 0, 0, 0, 0, 0, 0, 0, 0, 206, 0, 0, 0, 0, 0, 0, 0, 0, 0, 0, 0, 0, 213, 213, 0)


(2966, 1932, -8.864042282104492, 0.33136647939682007, 3, 59, 59, 59, 60, 0, 0, 0, 0, 0, 0, 0, 0, 0, 0, 0, 206, 0, 0, 0, 0, 0, 0, 0, 0, 0, 0, 0, 0, 213, 213, 0)


(2983, 1932, -9.053278923034668, 0.24922919273376465, 3, 59, 59, 59, 60, 0, 0, 0, 0, 0, 0, 0, 0, 0, 0, 0, 206, 0, 0, 0, 0, 0, 0, 0, 0, 0, 0, 0, 0, 212, 212, 0)


(3000, 1932, -9.216633796691895, 0.3369672894477844, 3, 59, 58, 59, 60, 0, 0, 0, 0, 0, 0, 0, 0, 0, 0, 0, 205, 0, 0, 0, 0, 0, 0, 0, 0, 0, 0, 0, 0, 212, 212, 0)


(3016, 1931, -9.507599830627441, 0.3812646269798279, 3, 58, 58, 58, 59, 0, 0, 0, 0, 0, 0, 0, 0, 0, 0, 0, 205, 0, 0, 0, 0, 0, 0, 0, 0, 0, 0, 0, 0, 212, 211, 0)


(3033, 1931, -9.517518043518066, 0.3487679064273834, 3, 58, 58, 58, 59, 0, 0, 0, 0, 0, 0, 0, 0, 0, 0, 0, 205, 0, 0, 0, 0, 0, 0, 0, 0, 0, 0, 0, 0, 212, 211, 0)


(3050, 1931, -9.503316879272461, 0.2948465049266815, 3, 57, 57, 58, 59, 0, 0, 0, 0, 0, 0, 0, 0, 0, 0, 0, 204, 0, 0, 0, 0, 0, 0, 0, 0, 0, 0, 0, 0, 211, 211, 0)


(3066, 1930, -9.468029975891113, 0.2873925566673279, 3, 57, 57, 58, 59, 0, 0, 0, 0, 0, 0, 0, 0, 0, 0, 0, 204, 0, 0, 0, 0, 0, 0, 0, 0, 0, 0, 0, 0, 211, 210, 0)


(3083, 1930, -9.275120735168457, 0.4359687864780426, 3, 57, 57, 57, 59, 0, 0, 0, 0, 0, 0, 0, 0, 0, 0, 0, 204, 0, 0, 0, 0, 0, 0, 0, 0, 0, 0, 0, 0, 211, 210, 0)


(3100, 1929, -9.39487361907959, 0.44962137937545776, 3, 56, 57, 57, 59, 0, 0, 0, 0, 0, 0, 0, 0, 0, 0, 0, 203, 0, 0, 0, 0, 0, 0, 0, 0, 0, 0, 0, 0, 211, 210, 0)


(3116, 1929, -9.322881698608398, 0.5086220502853394, 3, 56, 56, 57, 58, 0, 0, 0, 0, 0, 0, 0, 0, 0, 0, 0, 203, 0, 0, 0, 0, 0, 0, 0, 0, 0, 0, 0, 0, 211, 209, 0)


(3133, 1929, -9.089599609375, 0.4338521361351013, 3, 56, 56, 57, 0, 0, 0, 0, 0, 0, 0, 0, 0, 0, 0, 0, 203, 0, 0, 0, 0, 0, 0, 0, 0, 0, 0, 0, 0, 210, 209, 0)


(3150, 1928, -9.438231468200684, 0.2856399714946747, 3, 55, 56, 56, 0, 0, 0, 0, 0, 0, 0, 0, 0, 0, 0, 0, 202, 0, 0, 0, 0, 0, 0, 0, 0, 0, 0, 0, 0, 210, 208, 0)


(3166, 1928, -9.537696838378906, 0.11174851655960083, 3, 55, 55, 56, 0, 0, 0, 0, 0, 0, 0, 0, 0, 0, 0, 0, 202, 0, 0, 0, 0, 0, 0, 0, 0, 0, 0, 0, 0, 210, 208, 0)


(3183, 1928, -9.445013999938965, -0.15554343163967133, 3, 55, 55, 56, 0, 0, 0, 0, 0, 0, 0, 0, 0, 0, 0, 0, 202, 0, 0, 0, 0, 0, 0, 0, 0, 0, 0, 0, 0, 210, 208, 0)


(3200, 1927, -9.473308563232422, -0.18209892511367798, 3, 54, 55, 56, 0, 0, 0, 0, 0, 0, 0, 0, 0, 0, 0, 0, 201, 0, 0, 0, 0, 0, 0, 0, 0, 0, 0, 0, 176, 210, 207, 0)


(3216, 1927, -9.567163467407227, -0.3937057554721832, 3, 54, 54, 55, 0, 0, 0, 0, 0, 0, 0, 0, 0, 0, 0, 0, 201, 0, 0, 0, 0, 0, 0, 0, 0, 0, 0, 0, 176, 0, 207, 0)


(3233, 1927, -9.71961784362793, -0.5059999823570251, 3, 54, 54, 55, 0, 0, 0, 0, 0, 0, 0, 0, 0, 0, 0, 0, 201, 0, 0, 0, 0, 0, 0, 0, 0, 0, 0, 0, 175, 0, 207, 0)


(3250, 1926, -9.865828514099121, -0.7713208794593811, 3, 54, 54, 55, 0, 0, 0, 0, 0, 0, 0, 0, 0, 0, 0, 0, 200, 0, 0, 0, 0, 0, 0, 0, 0, 0, 0, 0, 175, 0, 206, 0)


(3266, 1926, -9.660130500793457, -0.8184084892272949, 3, 53, 54, 55, 0, 0, 0, 0, 0, 0, 0, 0, 0, 0, 0, 0, 200, 0, 0, 0, 0, 0, 0, 0, 0, 0, 0, 0, 175, 0, 206, 0)


(3283, 1926, -9.670757293701172, -0.6041971445083618, 3, 53, 53, 54, 0, 0, 0, 0, 0, 0, 0, 0, 0, 0, 0, 0, 200, 0, 0, 0, 0, 0, 0, 0, 0, 0, 0, 0, 174, 0, 206, 0)


(3300, 1925, -9.78387451171875, -0.7439422011375427, 3, 53, 53, 54, 0, 0, 0, 0, 0, 0, 0, 0, 0, 0, 0, 0, 199, 0, 0, 0, 0, 0, 0, 0, 0, 0, 0, 0, 174, 0, 205, 0)


(3316, 1925, -9.751389503479004, -0.37273970246315, 3, 52, 53, 54, 0, 0, 0, 0, 0, 0, 0, 0, 0, 0, 0, 0, 199, 0, 0, 0, 0, 0, 0, 0, 0, 0, 0, 0, 174, 0, 205, 0)


(3333, 1925, -9.50682258605957, -0.5527729988098145, 3, 52, 52, 54, 0, 0, 0, 0, 0, 0, 0, 0, 0, 0, 0, 0, 199, 0, 0, 0, 0, 0, 0, 0, 0, 0, 0, 0, 173, 0, 205, 0)


(3350, 1924, -9.578640937805176, -0.7095834612846375, 3, 52, 52, 54, 0, 0, 0, 0, 0, 0, 0, 0, 0, 0, 0, 0, 198, 0, 0, 0, 0, 0, 0, 0, 0, 0, 0, 0, 173, 0, 204, 0)


(3366, 1924, -9.612710952758789, -0.6858102083206177, 3, 51, 52, 54, 0, 0, 0, 0, 0, 0, 0, 0, 0, 0, 0, 0, 198, 0, 0, 0, 0, 0, 0, 0, 0, 0, 0, 0, 173, 0, 204, 0)


(3383, 1924, -9.709342002868652, -0.5191389322280884, 3, 51, 52, 0, 0, 0, 0, 0, 0, 0, 0, 0, 0, 0, 0, 0, 198, 0, 0, 0, 0, 0, 0, 0, 0, 0, 0, 0, 172, 0, 204, 0)


(3400, 1923, -9.550203323364258, -0.44140222668647766, 3, 51, 51, 0, 0, 0, 0, 0, 0, 0, 0, 0, 0, 0, 0, 0, 197, 0, 0, 0, 0, 0, 0, 0, 0, 0, 0, 0, 172, 0, 203, 0)


(3416, 1923, -9.443058013916016, -0.7107731103897095, 3, 50, 51, 0, 0, 0, 0, 0, 0, 0, 0, 0, 0, 0, 0, 0, 197, 0, 0, 0, 0, 0, 0, 0, 0, 0, 0, 0, 0, 0, 203, 0)


(3433, 1923, -9.356263160705566, -0.761657178401947, 3, 50, 51, 0, 0, 0, 0, 0, 0, 0, 0, 0, 0, 0, 0, 0, 197, 0, 0, 0, 0, 0, 0, 0, 0, 0, 0, 0, 0, 0, 203, 205)


(3449, 1922, -9.412988662719727, -0.6653574705123901, 3, 50, 51, 0, 0, 0, 0, 0, 0, 0, 0, 0, 0, 0, 0, 0, 196, 0, 0, 0, 0, 0, 0, 0, 0, 0, 0, 0, 0, 0, 202, 205)


(3466, 1922, -9.477622032165527, -0.7194007635116577, 3, 50, 50, 0, 0, 0, 0, 0, 0, 0, 0, 0, 0, 0, 0, 0, 196, 0, 0, 0, 0, 0, 0, 0, 0, 0, 0, 0, 0, 0, 202, 204)


(3483, 1922, -9.41775894165039, -0.7790786027908325, 3, 49, 50, 0, 0, 0, 0, 0, 0, 0, 0, 0, 0, 0, 0, 0, 195, 0, 0, 0, 0, 0, 0, 0, 0, 0, 0, 0, 0, 0, 202, 203)


(3500, 1921, -9.214763641357422, -0.7254471182823181, 3, 49, 50, 0, 0, 0, 0, 0, 0, 0, 0, 0, 0, 0, 0, 0, 195, 0, 0, 0, 0, 0, 0, 0, 0, 0, 0, 0, 0, 0, 202, 203)


(3516, 1921, -9.249896049499512, -0.7948715090751648, 3, 49, 50, 0, 0, 0, 0, 0, 0, 0, 0, 0, 0, 0, 0, 0, 195, 0, 0, 0, 0, 0, 0, 0, 0, 0, 0, 0, 0, 0, 201, 202)


(3533, 1921, -9.192691802978516, -1.121161699295044, 3, 48, 50, 0, 0, 0, 0, 0, 0, 0, 0, 0, 0, 0, 0, 0, 194, 0, 0, 0, 0, 0, 0, 0, 0, 0, 0, 0, 0, 0, 201, 202)


(3550, 1920, -9.286664009094238, -1.0551812648773193, 3, 48, 49, 0, 0, 0, 0, 0, 0, 0, 0, 0, 0, 0, 0, 0, 194, 197, 0, 0, 0, 0, 0, 0, 0, 0, 0, 0, 0, 0, 201, 201)


(3566, 1920, -9.153725624084473, -1.1223474740982056, 3, 48, 49, 0, 0, 0, 0, 0, 0, 0, 0, 0, 0, 0, 0, 0, 194, 196, 0, 0, 0, 0, 0, 0, 0, 0, 0, 0, 0, 0, 200, 201)


(3583, 1920, -9.480090141296387, -1.0359203815460205, 3, 48, 49, 0, 0, 0, 0, 0, 0, 0, 0, 0, 0, 0, 0, 0, 193, 196, 0, 0, 0, 0, 0, 0, 0, 0, 0, 0, 0, 0, 200, 201)


(3600, 1919, -9.202371597290039, -0.9358860850334167, 3, 47, 199, 0, 0, 0, 0, 0, 0, 0, 0, 0, 0, 0, 0, 0, 193, 195, 0, 0, 0, 0, 0, 0, 0, 0, 0, 0, 0, 0, 200, 200)


(3616, 1919, -9.187273025512695, -0.9933825135231018, 3, 47, 199, 0, 0, 0, 0, 0, 0, 0, 0, 0, 0, 0, 0, 0, 193, 195, 0, 0, 0, 0, 0, 0, 0, 0, 0, 0, 0, 0, 200, 200)


(3633, 1919, -9.2506103515625, -0.8714709877967834, 3, 47, 199, 0, 0, 0, 0, 0, 0, 0, 0, 0, 0, 0, 0, 0, 192, 194, 0, 0, 0, 0, 0, 0, 0, 0, 0, 0, 0, 0, 199, 199)


(3650, 1918, -9.359480857849121, -1.126494288444519, 3, 47, 198, 0, 0, 0, 0, 0, 0, 0, 0, 0, 0, 0, 0, 0, 192, 194, 0, 0, 0, 0, 0, 0, 0, 0, 0, 0, 0, 0, 199, 199)


(3666, 1918, -9.44729232788086, -1.212024450302124, 3, 46, 198, 0, 0, 0, 0, 0, 0, 0, 0, 0, 0, 0, 0, 0, 192, 194, 0, 0, 0, 0, 0, 0, 0, 0, 0, 0, 0, 0, 199, 199)


(3683, 1918, -9.616951942443848, -1.2675354480743408, 3, 46, 198, 0, 0, 0, 0, 0, 0, 0, 0, 0, 0, 0, 0, 0, 191, 193, 0, 0, 0, 0, 0, 0, 0, 0, 0, 0, 0, 0, 199, 198)


(3699, 1917, -9.716618537902832, -0.9780716300010681, 3, 46, 197, 0, 0, 0, 0, 0, 0, 0, 0, 0, 0, 0, 0, 0, 191, 193, 0, 0, 0, 0, 0, 0, 0, 0, 0, 0, 0, 0, 198, 198)


(3716, 1917, -9.34926700592041, -1.1690891981124878, 3, 46, 197, 0, 0, 0, 0, 0, 0, 0, 0, 0, 0, 0, 0, 0, 191, 192, 0, 0, 0, 0, 0, 0, 0, 0, 0, 0, 0, 0, 198, 197)


(3733, 1916, -9.014511108398438, -1.3473433256149292, 3, 46, 197, 0, 0, 0, 0, 0, 0, 0, 0, 0, 0, 0, 0, 0, 190, 192, 0, 0, 0, 0, 0, 0, 0, 0, 0, 0, 0, 0, 198, 197)


(3750, 1916, -9.017898559570312, -1.3545671701431274, 3, 45, 196, 0, 0, 0, 0, 0, 0, 0, 0, 0, 0, 0, 0, 0, 190, 192, 0, 0, 0, 0, 0, 0, 0, 0, 0, 0, 0, 0, 198, 197)


(3766, 1916, -8.862037658691406, -1.3914159536361694, 3, 45, 196, 0, 0, 0, 0, 0, 0, 0, 0, 0, 0, 0, 0, 0, 190, 191, 0, 0, 0, 0, 0, 0, 0, 0, 0, 0, 0, 165, 198, 196)


(3783, 1915, -8.709386825561523, -1.1231052875518799, 3, 45, 196, 0, 0, 0, 0, 0, 0, 0, 0, 0, 0, 0, 0, 0, 189, 191, 0, 0, 0, 0, 0, 0, 0, 0, 0, 0, 0, 164, 197, 196)


(3800, 1915, -8.489174842834473, -1.1367980241775513, 3, 196, 195, 0, 0, 0, 0, 0, 0, 0, 0, 0, 0, 0, 0, 0, 189, 190, 0, 0, 0, 0, 0, 0, 0, 0, 0, 0, 0, 164, 197, 196)


(3816, 1915, -8.475991249084473, -1.0833911895751953, 3, 196, 195, 0, 0, 0, 0, 0, 0, 0, 0, 0, 0, 0, 0, 0, 189, 190, 0, 0, 0, 0, 0, 0, 0, 0, 0, 0, 0, 164, 197, 195)


(3833, 1914, -8.687799453735352, -0.9622023105621338, 3, 195, 195, 0, 0, 0, 0, 0, 0, 0, 0, 0, 0, 0, 0, 0, 188, 190, 0, 0, 0, 0, 0, 0, 0, 0, 0, 0, 0, 163, 0, 195)


(3850, 1914, -8.674423217773438, -1.0479129552841187, 3, 195, 195, 0, 0, 0, 0, 0, 0, 0, 0, 0, 0, 0, 0, 0, 188, 189, 0, 0, 0, 0, 0, 0, 0, 0, 0, 0, 0, 163, 0, 194)


(3866, 1914, -8.65114974975586, -0.8838824033737183, 3, 194, 194, 0, 0, 0, 0, 0, 0, 0, 0, 0, 0, 0, 0, 0, 188, 189, 0, 0, 0, 0, 0, 0, 0, 0, 0, 0, 0, 163, 0, 194)


(3883, 1913, -8.63608455657959, -0.9873207211494446, 4, 194, 194, 0, 0, 0, 0, 0, 0, 0, 0, 0, 0, 0, 0, 0, 187, 188, 0, 0, 0, 0, 0, 0, 0, 0, 0, 0, 0, 162, 0, 194)


(3900, 1913, -8.503341674804688, -1.0253264904022217, 4, 193, 194, 0, 0, 0, 0, 0, 0, 0, 0, 0, 0, 0, 0, 0, 187, 188, 0, 0, 0, 0, 0, 0, 0, 0, 0, 0, 0, 162, 0, 193)


(3916, 1913, -8.404170989990234, -0.9413413405418396, 4, 193, 193, 0, 0, 0, 0, 0, 0, 0, 0, 0, 0, 0, 0, 0, 187, 188, 0, 0, 0, 0, 0, 0, 0, 0, 0, 0, 0, 162, 0, 193)


(3933, 1912, -8.344930648803711, -0.8984608054161072, 4, 193, 193, 0, 0, 0, 0, 0, 0, 0, 0, 0, 0, 0, 0, 0, 186, 187, 0, 0, 0, 0, 0, 0, 0, 0, 0, 0, 0, 0, 0, 193)


(3949, 1912, -8.472770690917969, -0.844664454460144, 4, 192, 193, 0, 0, 0, 0, 0, 0, 0, 0, 0, 0, 0, 0, 0, 186, 187, 0, 0, 0, 0, 0, 0, 0, 0, 0, 0, 0, 0, 0, 192)


(3966, 1912, -8.115187644958496, -0.6717573404312134, 4, 192, 192, 0, 0, 0, 0, 0, 0, 0, 0, 0, 0, 0, 0, 0, 185, 186, 0, 0, 0, 0, 0, 0, 0, 0, 0, 0, 0, 0, 0, 192)


(3983, 1911, -8.106491088867188, -0.8587996363639832, 4, 191, 192, 0, 0, 0, 0, 0, 0, 0, 0, 0, 0, 0, 0, 0, 185, 186, 0, 0, 0, 0, 0, 0, 0, 0, 0, 0, 0, 0, 0, 192)


(4000, 1911, -8.12665843963623, -0.9611369371414185, 4, 191, 192, 0, 0, 0, 0, 0, 0, 0, 0, 0, 0, 0, 0, 0, 185, 186, 0, 0, 0, 0, 0, 0, 0, 0, 0, 0, 0, 0, 0, 191)


(4016, 1910, -8.044142723083496, -0.8159608244895935, 4, 191, 192, 0, 0, 0, 0, 0, 0, 0, 0, 0, 0, 0, 0, 0, 184, 185, 0, 0, 0, 0, 0, 0, 0, 0, 0, 0, 0, 0, 0, 191)


(4033, 1910, -8.047759056091309, -0.9179760217666626, 4, 190, 191, 0, 0, 0, 0, 0, 0, 0, 0, 0, 0, 0, 0, 0, 184, 185, 0, 0, 0, 0, 0, 0, 0, 0, 0, 0, 0, 0, 0, 191)


(4050, 1910, -7.99688196182251, -1.0413861274719238, 4, 190, 191, 0, 0, 0, 0, 0, 0, 0, 0, 0, 0, 0, 0, 0, 184, 185, 0, 0, 0, 0, 0, 0, 0, 0, 0, 0, 0, 0, 0, 190)


(4066, 1909, -7.852336883544922, -0.9106976389884949, 4, 190, 191, 0, 0, 0, 0, 0, 0, 0, 0, 155, 0, 0, 0, 0, 183, 184, 0, 0, 0, 0, 0, 0, 0, 0, 0, 0, 0, 0, 0, 190)


(4083, 1909, -7.524977207183838, -0.8525721430778503, 4, 189, 191, 0, 0, 0, 0, 0, 0, 0, 0, 155, 0, 0, 0, 0, 183, 184, 0, 0, 0, 0, 0, 0, 0, 0, 0, 0, 0, 0, 0, 190)


(4100, 1909, -7.266239166259766, -0.7678726315498352, 4, 189, 190, 0, 0, 0, 0, 0, 0, 0, 0, 154, 0, 0, 0, 0, 183, 183, 0, 0, 0, 0, 0, 0, 0, 0, 0, 0, 0, 0, 0, 190)


(4116, 1908, -7.428958892822266, -0.718901515007019, 4, 188, 190, 0, 0, 0, 0, 0, 0, 0, 0, 154, 0, 0, 0, 0, 182, 183, 0, 0, 0, 0, 0, 0, 0, 0, 0, 0, 0, 0, 0, 189)


(4133, 1908, -7.338528633117676, -0.8407614827156067, 4, 188, 190, 0, 0, 0, 0, 0, 0, 0, 0, 153, 0, 0, 0, 0, 182, 183, 0, 0, 0, 0, 0, 0, 0, 0, 0, 0, 0, 0, 0, 189)


(4150, 1907, -7.44497537612915, -0.7987346649169922, 4, 188, 190, 0, 0, 0, 0, 0, 0, 0, 0, 153, 0, 0, 0, 0, 181, 182, 0, 0, 0, 0, 0, 0, 0, 0, 0, 0, 0, 0, 0, 189)


(4166, 1907, -7.284635066986084, -0.8466658592224121, 4, 187, 0, 0, 0, 0, 0, 0, 0, 0, 0, 152, 0, 0, 0, 0, 181, 182, 0, 0, 0, 0, 0, 0, 0, 0, 0, 0, 0, 0, 0, 188)


(4183, 1907, -7.456328392028809, -1.0718246698379517, 4, 187, 0, 0, 0, 0, 0, 0, 0, 0, 0, 152, 0, 0, 0, 0, 181, 181, 0, 0, 0, 0, 0, 0, 0, 0, 0, 0, 0, 0, 0, 188)


(4200, 1906, -7.699711322784424, -1.2926255464553833, 4, 187, 0, 0, 0, 0, 0, 0, 0, 0, 0, 152, 0, 0, 0, 0, 180, 181, 0, 0, 0, 0, 0, 0, 0, 0, 0, 0, 0, 0, 0, 188)


(4216, 1906, -7.920715808868408, -1.2821128368377686, 4, 186, 0, 0, 0, 0, 0, 0, 0, 0, 0, 151, 0, 0, 0, 0, 180, 181, 0, 0, 0, 0, 0, 0, 0, 0, 0, 0, 0, 0, 0, 188)


(4233, 1906, -7.815946578979492, -1.3465088605880737, 4, 186, 0, 0, 0, 0, 0, 0, 0, 0, 0, 151, 0, 0, 0, 0, 180, 180, 0, 0, 0, 0, 0, 0, 0, 0, 0, 0, 0, 0, 155, 187)


(4250, 1905, -7.962431907653809, -1.5386103391647339, 4, 185, 0, 0, 0, 0, 0, 0, 0, 0, 0, 151, 0, 0, 0, 0, 179, 180, 0, 0, 0, 0, 0, 0, 0, 0, 0, 0, 0, 0, 155, 187)


(4266, 1905, -7.6888885498046875, -1.7165216207504272, 4, 185, 0, 0, 0, 0, 0, 0, 0, 0, 0, 150, 0, 0, 0, 0, 179, 179, 0, 0, 0, 0, 0, 0, 0, 0, 0, 0, 0, 0, 154, 187)


(4283, 1904, -7.45353889465332, -1.6223260164260864, 4, 185, 0, 0, 0, 0, 0, 0, 0, 0, 0, 150, 0, 0, 0, 0, 179, 179, 0, 0, 0, 0, 0, 0, 0, 0, 0, 0, 0, 0, 154, 187)


(4300, 1904, -7.442127704620361, -1.6837921142578125, 4, 184, 0, 0, 0, 0, 0, 0, 0, 0, 0, 149, 0, 0, 0, 0, 178, 179, 0, 0, 0, 0, 0, 0, 0, 0, 0, 0, 0, 0, 153, 187)


(4316, 1904, -7.555586338043213, -1.6740407943725586, 4, 184, 0, 0, 0, 0, 0, 0, 0, 0, 0, 149, 0, 0, 0, 0, 178, 178, 0, 0, 0, 0, 0, 0, 0, 0, 0, 0, 0, 0, 153, 187)


(4333, 1903, -7.687639236450195, -1.7973626852035522, 4, 184, 0, 0, 0, 0, 0, 0, 0, 0, 0, 149, 0, 0, 0, 0, 177, 178, 0, 0, 0, 0, 0, 0, 0, 0, 0, 0, 0, 0, 153, 187)


(4350, 1903, -7.736693859100342, -1.7044752836227417, 4, 183, 0, 0, 0, 0, 0, 0, 0, 0, 0, 148, 0, 0, 0, 0, 177, 177, 0, 0, 0, 0, 0, 0, 0, 0, 0, 0, 0, 0, 152, 0)


(4366, 1903, -7.645717144012451, -1.619878888130188, 4, 183, 0, 0, 0, 0, 0, 0, 0, 0, 0, 148, 0, 0, 0, 0, 177, 177, 0, 0, 0, 0, 0, 0, 0, 0, 0, 0, 0, 0, 152, 0)


(4383, 1902, -7.514883041381836, -1.3362611532211304, 4, 183, 0, 0, 0, 0, 0, 0, 0, 0, 0, 148, 0, 0, 0, 0, 176, 177, 0, 0, 0, 0, 0, 0, 0, 0, 0, 0, 0, 0, 0, 0)


(4400, 1902, -7.525655746459961, -1.3730313777923584, 4, 182, 0, 0, 0, 0, 0, 0, 0, 0, 0, 147, 0, 0, 0, 0, 176, 176, 0, 0, 0, 0, 0, 0, 0, 0, 0, 0, 0, 0, 0, 0)


(4416, 1901, -7.753875255584717, -1.4852432012557983, 4, 182, 0, 0, 0, 0, 0, 0, 0, 0, 0, 147, 0, 0, 0, 0, 176, 176, 0, 0, 0, 0, 0, 0, 0, 0, 0, 0, 0, 0, 0, 0)


(4433, 1901, -7.476484298706055, -1.3980896472930908, 4, 182, 0, 0, 0, 0, 0, 0, 0, 0, 0, 146, 0, 0, 0, 0, 175, 175, 0, 0, 0, 0, 0, 0, 0, 0, 0, 0, 0, 0, 0, 0)


(4450, 1901, -7.23200798034668, -1.3818457126617432, 4, 181, 0, 0, 0, 0, 0, 0, 0, 0, 0, 146, 0, 0, 0, 0, 175, 175, 0, 0, 0, 0, 0, 0, 0, 0, 0, 0, 0, 0, 0, 0)


(4466, 1900, -7.0447468757629395, -1.3928450345993042, 4, 181, 0, 0, 0, 0, 0, 0, 0, 0, 0, 146, 0, 0, 0, 0, 175, 175, 0, 0, 0, 0, 0, 0, 0, 0, 0, 0, 0, 0, 0, 0)


(4483, 1900, -7.188587665557861, -1.4068191051483154, 4, 180, 0, 0, 0, 0, 0, 0, 0, 0, 0, 145, 0, 0, 0, 0, 174, 174, 0, 0, 0, 0, 0, 0, 0, 0, 0, 0, 0, 0, 0, 0)


(4500, 1900, -7.196906566619873, -1.3046354055404663, 4, 180, 0, 0, 0, 0, 0, 0, 0, 0, 0, 145, 0, 0, 0, 0, 174, 174, 0, 0, 0, 0, 0, 0, 0, 0, 0, 0, 0, 0, 0, 0)


(4516, 1899, -6.938241004943848, -1.3705819845199585, 4, 180, 0, 0, 0, 0, 0, 0, 0, 0, 0, 144, 0, 0, 0, 0, 173, 173, 0, 0, 0, 0, 0, 0, 0, 0, 0, 0, 0, 0, 0, 0)


(4533, 1899, -6.888123512268066, -1.491462230682373, 4, 179, 0, 0, 0, 0, 0, 0, 0, 0, 0, 144, 0, 0, 0, 0, 173, 173, 0, 0, 0, 0, 0, 0, 0, 0, 0, 0, 0, 0, 0, 0)


(4550, 1898, -6.932343006134033, -1.6878776550292969, 4, 179, 0, 0, 0, 0, 0, 0, 0, 0, 0, 144, 0, 0, 0, 0, 173, 173, 0, 0, 0, 0, 0, 0, 0, 0, 0, 0, 0, 0, 0, 0)


(4566, 1898, -7.253543853759766, -1.8810187578201294, 4, 179, 0, 0, 0, 0, 0, 0, 0, 0, 0, 143, 0, 0, 0, 0, 172, 172, 0, 0, 0, 0, 0, 0, 0, 0, 0, 0, 0, 0, 0, 0)


(4583, 1898, -7.141602039337158, -2.032292366027832, 4, 178, 0, 0, 0, 0, 0, 0, 0, 0, 0, 143, 0, 0, 0, 0, 172, 172, 0, 0, 0, 0, 0, 0, 0, 0, 0, 0, 0, 0, 0, 0)


(4600, 1897, -7.168955326080322, -2.184483289718628, 4, 178, 0, 0, 0, 0, 0, 0, 0, 0, 0, 143, 0, 0, 0, 0, 172, 171, 0, 0, 0, 0, 0, 0, 0, 0, 0, 0, 0, 0, 0, 147)


(4616, 1897, -7.082098960876465, -2.195317029953003, 4, 178, 0, 0, 0, 0, 0, 0, 0, 0, 0, 142, 0, 0, 0, 0, 171, 171, 0, 0, 0, 0, 0, 0, 0, 0, 0, 0, 0, 0, 0, 147)


(4633, 1897, -6.80215311050415, -2.048189878463745, 4, 177, 0, 0, 0, 0, 0, 0, 0, 0, 0, 142, 0, 0, 0, 0, 171, 171, 0, 0, 0, 0, 0, 0, 0, 0, 0, 0, 0, 0, 0, 146)


(4650, 1896, -6.843837738037109, -1.9561296701431274, 5, 177, 0, 0, 0, 0, 0, 0, 0, 0, 0, 141, 0, 0, 0, 0, 171, 170, 0, 0, 0, 0, 0, 0, 0, 0, 0, 0, 0, 0, 0, 146)


(4666, 1896, -6.868434906005859, -1.869630217552185, 5, 177, 0, 0, 0, 0, 0, 0, 0, 0, 0, 141, 0, 0, 0, 0, 170, 170, 0, 0, 0, 0, 0, 0, 0, 0, 0, 0, 0, 0, 0, 145)


(4683, 1895, -6.825136184692383, -1.7873109579086304, 5, 176, 0, 0, 0, 0, 0, 0, 0, 0, 0, 141, 0, 0, 0, 0, 170, 169, 0, 0, 0, 0, 0, 0, 0, 0, 0, 0, 0, 0, 0, 145)


(4700, 1895, -6.981247901916504, -1.9018681049346924, 5, 176, 0, 0, 0, 0, 0, 0, 0, 0, 0, 140, 0, 0, 0, 0, 169, 169, 0, 0, 0, 0, 0, 0, 0, 0, 0, 0, 0, 0, 0, 145)


(4716, 1895, -6.758728981018066, -1.7326502799987793, 5, 176, 0, 0, 0, 0, 0, 0, 0, 0, 0, 140, 0, 0, 0, 0, 169, 169, 0, 0, 0, 0, 0, 0, 0, 0, 0, 0, 0, 0, 0, 145)


(4733, 1894, -6.98202657699585, -1.6738064289093018, 5, 176, 0, 0, 0, 0, 0, 0, 0, 0, 0, 139, 0, 0, 0, 0, 169, 168, 0, 0, 0, 0, 0, 0, 0, 0, 0, 0, 0, 0, 0, 0)


(4750, 1894, -6.876808166503906, -1.7812680006027222, 5, 175, 0, 0, 0, 0, 0, 0, 0, 0, 0, 139, 0, 0, 0, 0, 168, 168, 0, 0, 0, 0, 0, 0, 0, 0, 0, 0, 0, 0, 0, 0)


(4766, 1893, -6.844356060028076, -1.9218103885650635, 5, 175, 0, 0, 0, 0, 0, 0, 0, 0, 0, 139, 0, 0, 0, 0, 168, 167, 0, 0, 0, 0, 0, 0, 0, 0, 0, 0, 0, 0, 0, 0)


(4783, 1893, -7.036443710327148, -1.8468772172927856, 5, 175, 0, 0, 0, 0, 0, 0, 0, 0, 0, 138, 0, 0, 0, 0, 168, 167, 0, 0, 0, 0, 0, 0, 0, 0, 0, 0, 0, 0, 0, 0)


(4800, 1893, -6.916771411895752, -1.8169398307800293, 5, 174, 0, 0, 0, 0, 0, 0, 0, 0, 0, 138, 0, 0, 0, 0, 167, 167, 0, 0, 0, 0, 0, 0, 0, 0, 0, 0, 0, 0, 0, 0)


(4816, 1892, -7.000469207763672, -1.856298565864563, 5, 174, 0, 0, 0, 0, 0, 0, 0, 0, 0, 138, 0, 0, 0, 0, 167, 166, 0, 0, 0, 0, 0, 0, 0, 0, 0, 0, 0, 0, 0, 0)


(4833, 1892, -7.040175437927246, -1.7168574333190918, 5, 174, 0, 0, 0, 0, 0, 0, 0, 0, 0, 137, 0, 0, 0, 0, 167, 166, 0, 0, 0, 0, 0, 0, 0, 0, 0, 0, 0, 0, 0, 0)


(4850, 1892, -6.899750232696533, -1.6796296834945679, 5, 174, 0, 0, 0, 0, 0, 0, 0, 0, 0, 137, 0, 0, 0, 0, 166, 165, 0, 0, 0, 0, 0, 0, 0, 0, 0, 0, 0, 0, 0, 0)


(4866, 1891, -6.884555816650391, -1.6102029085159302, 5, 173, 0, 0, 0, 0, 0, 0, 0, 0, 0, 136, 0, 0, 0, 0, 166, 165, 0, 0, 0, 0, 0, 0, 0, 0, 0, 0, 0, 0, 0, 0)


(4883, 1891, -7.15309476852417, -1.5863680839538574, 5, 173, 0, 0, 0, 0, 0, 0, 0, 0, 0, 136, 0, 0, 0, 0, 166, 165, 0, 0, 0, 0, 0, 0, 0, 0, 0, 0, 0, 0, 0, 0)


(4900, 1890, -7.3328680992126465, -1.6097697019577026, 5, 173, 0, 0, 0, 0, 0, 0, 0, 0, 0, 136, 0, 0, 0, 0, 165, 164, 0, 0, 0, 0, 0, 0, 0, 0, 0, 0, 0, 0, 0, 0)


(4916, 1890, -7.2202324867248535, -1.3855419158935547, 5, 173, 0, 0, 0, 0, 0, 0, 0, 0, 0, 135, 0, 0, 0, 0, 165, 164, 0, 0, 0, 0, 0, 0, 0, 0, 0, 0, 0, 0, 0, 0)


(4933, 1890, -7.4865336418151855, -1.7019463777542114, 5, 173, 0, 0, 0, 0, 0, 0, 0, 0, 0, 135, 0, 0, 0, 0, 164, 163, 0, 0, 0, 0, 0, 0, 0, 0, 0, 0, 0, 0, 0, 0)


(4950, 1889, -7.183323860168457, -1.5917466878890991, 5, 0, 0, 0, 0, 0, 0, 0, 0, 0, 0, 134, 0, 0, 0, 0, 164, 163, 0, 0, 0, 0, 0, 0, 0, 0, 0, 0, 0, 0, 0, 0)


(4966, 1889, -6.689070701599121, -1.6441171169281006, 5, 0, 0, 0, 0, 0, 0, 0, 0, 0, 0, 134, 0, 0, 0, 0, 164, 163, 0, 0, 0, 0, 0, 0, 0, 0, 0, 0, 0, 0, 0, 0)


(4983, 1888, -6.652602672576904, -1.7129294872283936, 5, 0, 0, 0, 0, 0, 0, 0, 0, 0, 0, 134, 0, 0, 0, 0, 163, 162, 0, 0, 0, 0, 0, 0, 0, 0, 0, 0, 0, 0, 0, 0)


(5000, 1888, -6.5690083503723145, -1.834094524383545, 5, 0, 0, 0, 0, 0, 0, 0, 0, 0, 0, 133, 0, 0, 0, 0, 163, 162, 0, 0, 0, 0, 0, 0, 0, 0, 0, 0, 0, 0, 0, 0)


(5016, 1888, -6.465468406677246, -1.7642570734024048, 5, 0, 0, 0, 0, 0, 0, 0, 0, 0, 0, 133, 0, 0, 0, 0, 163, 162, 0, 0, 0, 0, 0, 0, 0, 0, 0, 0, 0, 0, 0, 0)


(5033, 1887, -6.299895763397217, -1.7992483377456665, 5, 0, 0, 0, 0, 0, 0, 0, 0, 0, 0, 132, 0, 0, 0, 0, 162, 161, 0, 0, 0, 0, 0, 0, 0, 0, 0, 0, 0, 0, 0, 0)


(5050, 1887, -6.054352283477783, -1.7336885929107666, 5, 0, 0, 0, 0, 0, 0, 0, 0, 0, 0, 132, 0, 0, 0, 0, 162, 161, 0, 0, 0, 0, 0, 0, 0, 0, 0, 0, 0, 0, 0, 0)


(5066, 1886, -6.285479545593262, -1.780673861503601, 5, 0, 0, 0, 0, 0, 0, 0, 0, 0, 0, 132, 0, 0, 0, 0, 162, 160, 0, 0, 0, 0, 0, 0, 0, 0, 0, 0, 0, 0, 0, 0)


(5083, 1886, -6.233500003814697, -1.6406657695770264, 5, 0, 0, 0, 0, 0, 0, 0, 0, 0, 0, 131, 0, 0, 0, 0, 161, 160, 0, 0, 0, 0, 0, 0, 0, 0, 0, 0, 0, 0, 0, 0)


(5100, 1886, -6.135119915008545, -1.5393738746643066, 5, 0, 0, 0, 0, 0, 0, 0, 0, 0, 0, 131, 0, 0, 0, 0, 161, 160, 0, 0, 0, 0, 0, 0, 0, 0, 0, 0, 0, 0, 0, 0)


(5116, 1885, -6.050300598144531, -1.691140055656433, 5, 0, 0, 0, 0, 0, 0, 0, 0, 0, 0, 131, 0, 0, 0, 0, 161, 159, 0, 0, 0, 0, 0, 0, 0, 0, 0, 0, 0, 0, 0, 0)


(5133, 1885, -6.077383518218994, -1.6016807556152344, 5, 0, 0, 0, 0, 0, 0, 0, 0, 0, 0, 130, 0, 0, 0, 0, 160, 159, 162, 0, 0, 0, 0, 0, 0, 0, 0, 0, 0, 0, 0, 0)


(5150, 1885, -5.813985347747803, -1.4523510932922363, 5, 0, 0, 0, 0, 0, 0, 0, 0, 0, 0, 130, 0, 0, 0, 0, 160, 158, 161, 0, 0, 0, 0, 0, 0, 0, 0, 0, 0, 0, 0, 0)


(5166, 1884, -5.936657905578613, -1.5298725366592407, 5, 0, 0, 0, 0, 0, 0, 0, 0, 0, 0, 129, 0, 0, 0, 0, 160, 158, 160, 0, 0, 0, 0, 0, 0, 0, 0, 0, 0, 0, 0, 0)


(5183, 1884, -5.604955673217773, -1.5000216960906982, 5, 0, 0, 0, 0, 0, 0, 0, 0, 0, 0, 129, 0, 0, 0, 0, 159, 158, 160, 0, 0, 0, 0, 0, 0, 0, 0, 0, 0, 0, 0, 0)


(5200, 1883, -5.70432186126709, -1.5522154569625854, 5, 0, 0, 0, 0, 0, 0, 0, 0, 0, 0, 128, 0, 0, 0, 0, 159, 157, 159, 0, 0, 0, 0, 0, 0, 0, 0, 0, 0, 0, 0, 0)


(5216, 1883, -5.511871337890625, -1.6514016389846802, 5, 0, 0, 0, 0, 0, 0, 0, 0, 0, 0, 128, 0, 0, 0, 0, 159, 157, 159, 0, 0, 0, 0, 0, 0, 0, 0, 0, 0, 0, 0, 0)


(5233, 1882, -5.431517601013184, -1.672056794166565, 6, 0, 0, 0, 0, 0, 0, 0, 0, 0, 0, 128, 0, 0, 0, 0, 158, 156, 158, 0, 0, 0, 0, 0, 0, 0, 0, 0, 0, 0, 0, 0)


(5250, 1882, -5.740106105804443, -1.8866769075393677, 6, 0, 0, 0, 0, 0, 0, 0, 0, 0, 0, 127, 0, 0, 0, 0, 158, 156, 158, 0, 0, 0, 0, 0, 0, 0, 0, 0, 0, 0, 0, 0)


(5266, 1882, -5.731847763061523, -1.8696309328079224, 6, 0, 0, 0, 0, 0, 0, 0, 0, 0, 0, 127, 0, 0, 0, 0, 158, 155, 157, 0, 0, 0, 0, 0, 0, 0, 0, 0, 0, 0, 0, 0)


(5283, 1881, -5.818556308746338, -1.8451478481292725, 6, 0, 0, 0, 0, 0, 0, 0, 0, 0, 0, 126, 0, 0, 0, 0, 157, 155, 157, 0, 0, 0, 0, 0, 0, 0, 0, 0, 0, 0, 0, 0)


(5300, 1881, -5.43846321105957, -1.827260971069336, 6, 0, 0, 0, 0, 0, 0, 0, 0, 0, 0, 126, 0, 0, 0, 0, 157, 155, 156, 0, 0, 0, 0, 0, 0, 0, 0, 0, 0, 0, 0, 0)


(5316, 1880, -5.429733753204346, -1.6936025619506836, 6, 0, 0, 0, 0, 0, 0, 0, 0, 0, 0, 126, 0, 0, 0, 0, 157, 154, 156, 0, 0, 0, 0, 0, 0, 0, 0, 0, 0, 0, 0, 0)


(5333, 1880, -5.746049880981445, -1.7275854349136353, 6, 0, 0, 0, 0, 0, 0, 0, 0, 0, 0, 125, 0, 0, 0, 0, 157, 154, 155, 0, 0, 0, 0, 0, 0, 0, 0, 0, 0, 0, 0, 0)


(5350, 1880, -5.965219974517822, -1.733333706855774, 6, 0, 0, 0, 0, 0, 0, 0, 0, 0, 0, 125, 0, 0, 0, 0, 0, 153, 155, 0, 0, 0, 0, 0, 0, 0, 0, 0, 0, 0, 0, 0)


(5366, 1879, -6.297460556030273, -1.9234923124313354, 6, 0, 0, 0, 0, 0, 0, 0, 0, 0, 0, 124, 0, 0, 0, 0, 0, 153, 154, 0, 0, 0, 0, 0, 0, 0, 0, 0, 0, 0, 0, 0)


(5383, 1879, -6.193110942840576, -1.5240250825881958, 6, 0, 0, 0, 0, 0, 0, 0, 0, 0, 0, 124, 0, 0, 0, 0, 0, 153, 154, 0, 0, 0, 0, 0, 0, 0, 0, 0, 0, 0, 0, 0)


(5400, 1878, -6.235789775848389, -1.4049869775772095, 6, 0, 0, 0, 0, 0, 0, 0, 0, 0, 0, 124, 0, 0, 0, 0, 0, 152, 153, 0, 0, 0, 0, 0, 0, 0, 0, 0, 0, 0, 0, 0)


(5416, 1878, -6.251791954040527, -1.4332998991012573, 6, 0, 0, 0, 0, 0, 0, 0, 0, 0, 0, 123, 0, 0, 0, 0, 0, 152, 153, 0, 0, 0, 0, 0, 0, 0, 0, 0, 0, 0, 0, 0)


(5433, 1878, -6.101212501525879, -1.454036831855774, 6, 0, 0, 0, 0, 0, 0, 0, 0, 0, 0, 123, 0, 0, 0, 0, 0, 152, 152, 0, 0, 0, 0, 0, 0, 0, 0, 0, 0, 0, 0, 0)


(5450, 1877, -6.04368782043457, -1.6173202991485596, 6, 0, 0, 0, 0, 0, 0, 0, 0, 0, 0, 122, 0, 0, 0, 0, 0, 151, 152, 0, 0, 0, 0, 0, 0, 0, 0, 0, 0, 0, 0, 0)


(5466, 1877, -5.91737174987793, -1.7686485052108765, 6, 0, 0, 0, 0, 0, 0, 0, 0, 0, 0, 122, 0, 0, 0, 0, 0, 151, 152, 0, 0, 0, 0, 0, 0, 0, 0, 0, 0, 0, 0, 0)


(5483, 1876, -5.860244274139404, -1.791481375694275, 6, 0, 0, 0, 0, 0, 0, 0, 0, 0, 0, 122, 0, 0, 0, 0, 0, 150, 151, 0, 0, 0, 0, 0, 0, 0, 0, 0, 0, 0, 0, 0)


(5500, 1876, -5.527751445770264, -1.908044457435608, 6, 0, 0, 0, 0, 0, 0, 0, 0, 0, 0, 121, 0, 0, 0, 0, 0, 150, 151, 0, 0, 0, 0, 0, 0, 0, 0, 0, 0, 0, 0, 0)


(5516, 1876, -5.519912242889404, -1.9456679821014404, 6, 0, 0, 0, 0, 0, 0, 0, 0, 0, 0, 121, 0, 0, 0, 0, 0, 150, 150, 0, 0, 0, 0, 0, 0, 0, 0, 0, 0, 0, 0, 0)


(5533, 1875, -6.012972831726074, -1.771645426750183, 6, 0, 0, 0, 0, 0, 0, 0, 0, 0, 0, 120, 0, 0, 0, 0, 0, 149, 150, 0, 0, 0, 0, 0, 0, 0, 0, 0, 0, 0, 0, 0)


(5550, 1875, -6.020983695983887, -1.8141789436340332, 6, 0, 0, 0, 0, 0, 0, 0, 0, 0, 0, 120, 0, 0, 0, 0, 0, 149, 149, 0, 0, 0, 0, 0, 0, 0, 0, 0, 0, 0, 0, 0)


(5566, 1874, -5.965371131896973, -1.8977837562561035, 6, 0, 0, 0, 0, 0, 0, 0, 0, 0, 0, 120, 0, 0, 0, 0, 0, 148, 149, 0, 0, 0, 0, 0, 0, 0, 0, 0, 0, 0, 0, 0)


(5583, 1874, -6.109662055969238, -1.848224401473999, 6, 0, 0, 0, 0, 0, 0, 0, 0, 0, 0, 119, 0, 0, 0, 0, 0, 148, 149, 0, 0, 0, 0, 0, 0, 0, 0, 0, 0, 0, 0, 0)


(5600, 1874, -6.368076801300049, -1.8416019678115845, 6, 0, 0, 0, 0, 0, 0, 0, 0, 0, 0, 119, 0, 0, 0, 0, 0, 148, 148, 0, 0, 0, 0, 0, 0, 0, 0, 0, 0, 0, 0, 0)


(5616, 1873, -6.45765495300293, -1.834493637084961, 6, 0, 0, 0, 0, 0, 0, 0, 0, 0, 0, 118, 0, 0, 0, 0, 0, 147, 148, 0, 0, 0, 0, 0, 0, 0, 0, 0, 0, 0, 0, 0)


(5633, 1873, -6.692346096038818, -1.6231305599212646, 6, 0, 0, 0, 0, 0, 0, 0, 0, 0, 0, 118, 0, 0, 0, 0, 0, 147, 147, 0, 0, 0, 0, 0, 0, 0, 0, 0, 0, 0, 0, 0)


(5650, 1872, -6.52717924118042, -1.6930989027023315, 6, 0, 0, 0, 0, 0, 0, 0, 0, 0, 0, 118, 0, 0, 0, 0, 0, 146, 147, 0, 0, 0, 0, 0, 0, 0, 0, 0, 0, 0, 0, 0)


(5666, 1872, -6.599767208099365, -1.7807854413986206, 6, 0, 0, 0, 0, 0, 0, 0, 0, 0, 0, 117, 0, 0, 0, 0, 0, 146, 146, 0, 0, 0, 0, 0, 0, 0, 0, 0, 0, 0, 0, 0)


(5683, 1872, -6.475221157073975, -1.6829134225845337, 6, 0, 0, 0, 0, 0, 0, 0, 0, 0, 0, 117, 0, 0, 0, 0, 0, 146, 146, 0, 0, 0, 0, 0, 0, 0, 0, 0, 0, 0, 0, 0)


(5700, 1871, -6.470579624176025, -1.7678509950637817, 6, 0, 0, 0, 0, 0, 0, 0, 0, 0, 0, 116, 0, 0, 0, 0, 0, 145, 146, 0, 0, 0, 0, 0, 0, 0, 0, 0, 0, 0, 0, 0)


(5716, 1871, -6.781535625457764, -1.6435878276824951, 6, 0, 0, 0, 0, 0, 0, 0, 0, 0, 0, 116, 0, 0, 0, 0, 0, 145, 145, 0, 0, 0, 0, 0, 0, 0, 0, 0, 0, 0, 0, 0)


(5733, 1871, -7.0254998207092285, -1.6685551404953003, 6, 0, 0, 0, 0, 0, 0, 0, 0, 0, 0, 116, 0, 0, 0, 0, 0, 145, 145, 0, 0, 0, 0, 0, 0, 0, 0, 0, 0, 0, 0, 0)


(5750, 1870, -6.7537126541137695, -1.4484716653823853, 6, 0, 0, 0, 0, 0, 0, 0, 0, 0, 0, 115, 0, 0, 0, 0, 0, 144, 144, 0, 0, 0, 0, 0, 0, 0, 0, 0, 0, 0, 0, 0)


(5766, 1870, -6.735098361968994, -1.4728635549545288, 6, 0, 0, 0, 0, 0, 0, 0, 0, 0, 0, 115, 0, 0, 0, 0, 0, 144, 144, 0, 0, 0, 0, 0, 0, 0, 0, 0, 0, 0, 0, 0)


(5783, 1869, -6.427491188049316, -1.6259604692459106, 6, 0, 0, 0, 0, 0, 0, 0, 0, 0, 0, 115, 0, 0, 0, 0, 0, 143, 144, 0, 0, 0, 0, 0, 0, 0, 0, 0, 0, 0, 0, 0)


(5800, 1869, -6.164159297943115, -1.625542163848877, 6, 0, 0, 0, 0, 0, 0, 0, 0, 0, 0, 114, 0, 0, 0, 0, 0, 143, 143, 0, 0, 0, 0, 0, 0, 0, 0, 0, 0, 0, 0, 0)


(5816, 1869, -6.087529182434082, -1.617296814918518, 7, 0, 0, 0, 0, 0, 0, 0, 0, 0, 0, 114, 0, 0, 0, 0, 0, 143, 143, 0, 0, 0, 0, 0, 0, 0, 0, 0, 0, 0, 0, 0)


(5833, 1868, -6.042606830596924, -1.6412659883499146, 7, 0, 0, 0, 0, 0, 0, 0, 0, 0, 0, 113, 0, 0, 0, 0, 0, 142, 142, 0, 0, 0, 0, 0, 0, 0, 0, 0, 0, 0, 0, 0)


(5850, 1868, -6.2314348220825195, -1.5767829418182373, 7, 0, 0, 0, 0, 0, 0, 0, 0, 0, 0, 113, 0, 0, 0, 0, 0, 142, 142, 0, 0, 0, 0, 0, 0, 0, 0, 0, 0, 0, 0, 0)


(5866, 1867, -6.026700496673584, -1.5770294666290283, 7, 0, 0, 0, 0, 0, 0, 0, 0, 0, 0, 113, 0, 0, 0, 0, 0, 142, 141, 0, 0, 0, 0, 0, 0, 0, 0, 0, 0, 0, 0, 0)


(5883, 1867, -6.139794826507568, -1.5830104351043701, 7, 0, 0, 0, 0, 0, 0, 0, 0, 0, 0, 112, 0, 0, 0, 0, 0, 141, 141, 0, 0, 0, 0, 0, 0, 0, 0, 0, 0, 0, 0, 0)


(5900, 1867, -6.015950679779053, -1.5844073295593262, 7, 0, 0, 0, 0, 0, 0, 0, 0, 0, 0, 112, 0, 0, 0, 0, 0, 141, 141, 0, 0, 0, 0, 0, 0, 0, 0, 0, 0, 0, 0, 0)


(5916, 1866, -6.193652629852295, -1.6485084295272827, 7, 0, 0, 0, 0, 0, 0, 0, 0, 0, 0, 111, 0, 0, 0, 0, 0, 140, 140, 0, 0, 0, 0, 0, 0, 0, 0, 0, 0, 0, 0, 0)


(5933, 1866, -6.487152576446533, -1.8276848793029785, 7, 0, 0, 0, 0, 0, 0, 0, 0, 0, 0, 111, 0, 0, 0, 0, 0, 140, 140, 0, 0, 0, 0, 0, 0, 0, 0, 0, 0, 0, 0, 0)


(5950, 1865, -6.601981163024902, -1.7446048259735107, 7, 0, 0, 0, 0, 0, 0, 0, 0, 0, 0, 111, 0, 0, 0, 0, 0, 140, 139, 0, 0, 0, 0, 0, 0, 0, 0, 0, 0, 0, 0, 0)


(5966, 1865, -6.863241195678711, -1.5748685598373413, 7, 0, 0, 0, 0, 0, 0, 0, 0, 0, 0, 110, 0, 0, 0, 0, 0, 139, 139, 0, 0, 0, 0, 0, 0, 0, 0, 0, 0, 0, 0, 0)


(5983, 1865, -6.894974231719971, -1.7103614807128906, 7, 0, 0, 0, 0, 0, 0, 0, 0, 0, 0, 110, 0, 0, 0, 0, 0, 139, 139, 0, 0, 0, 0, 0, 0, 0, 0, 0, 0, 0, 0, 0)


(6000, 1864, -6.996110439300537, -1.7903189659118652, 7, 0, 0, 0, 0, 0, 0, 0, 0, 0, 0, 109, 0, 0, 0, 0, 0, 139, 138, 0, 0, 0, 0, 0, 0, 0, 0, 0, 0, 0, 0, 0)


(6016, 1864, -7.059528827667236, -1.5481687784194946, 7, 0, 0, 0, 0, 0, 0, 0, 0, 0, 0, 109, 0, 0, 0, 0, 0, 138, 138, 0, 0, 0, 0, 0, 0, 0, 0, 0, 0, 0, 0, 0)


(6033, 1863, -6.999643802642822, -1.5337833166122437, 7, 0, 0, 0, 0, 0, 0, 0, 0, 0, 0, 109, 0, 0, 0, 0, 0, 138, 137, 0, 0, 0, 0, 0, 0, 0, 0, 0, 0, 0, 0, 0)


(6050, 1863, -6.755187511444092, -1.6055879592895508, 7, 0, 0, 0, 0, 0, 0, 0, 0, 0, 0, 108, 0, 0, 0, 0, 0, 137, 137, 0, 0, 0, 0, 0, 0, 0, 0, 0, 0, 0, 0, 0)


(6066, 1863, -6.737632751464844, -1.5985058546066284, 7, 0, 0, 0, 0, 0, 0, 0, 0, 0, 0, 108, 0, 0, 0, 0, 0, 137, 137, 0, 0, 0, 0, 0, 0, 0, 0, 0, 0, 0, 0, 0)


(6083, 1862, -7.085869789123535, -1.9621992111206055, 7, 0, 0, 0, 0, 0, 0, 0, 0, 0, 0, 108, 0, 0, 0, 0, 0, 137, 136, 0, 0, 0, 0, 0, 0, 0, 0, 0, 0, 0, 0, 0)


(6100, 1862, -7.157574653625488, -1.8556712865829468, 7, 0, 0, 0, 0, 0, 0, 0, 0, 0, 0, 107, 0, 0, 0, 0, 0, 136, 136, 139, 0, 0, 0, 0, 0, 0, 0, 0, 0, 0, 0, 0)


(6116, 1862, -7.2725348472595215, -1.7744669914245605, 7, 0, 0, 0, 0, 0, 0, 0, 0, 0, 0, 107, 0, 0, 0, 0, 0, 136, 135, 138, 0, 0, 0, 0, 0, 0, 0, 0, 0, 0, 0, 0)


(6133, 1861, -7.1331562995910645, -1.525049090385437, 7, 0, 0, 0, 0, 0, 0, 0, 0, 0, 0, 106, 0, 0, 0, 0, 0, 136, 135, 137, 0, 0, 0, 0, 0, 0, 0, 0, 0, 0, 0, 0)


(6150, 1861, -7.166032791137695, -1.532426118850708, 7, 0, 0, 0, 0, 0, 0, 0, 0, 0, 0, 106, 0, 0, 0, 0, 0, 135, 135, 137, 0, 0, 0, 0, 0, 0, 0, 0, 0, 0, 0, 0)


(6166, 1860, -6.817450046539307, -1.5222886800765991, 7, 0, 0, 0, 0, 0, 0, 0, 0, 0, 0, 106, 0, 0, 0, 0, 0, 135, 134, 136, 0, 0, 0, 0, 0, 0, 0, 0, 0, 0, 0, 0)


(6183, 1860, -6.810863971710205, -1.6602219343185425, 7, 0, 0, 0, 0, 0, 0, 0, 0, 0, 0, 105, 0, 0, 0, 0, 0, 135, 134, 136, 0, 0, 0, 0, 0, 0, 0, 0, 0, 0, 0, 0)


(6200, 1860, -6.289594650268555, -1.56416916847229, 7, 0, 0, 0, 0, 0, 0, 0, 0, 0, 0, 105, 0, 0, 0, 0, 0, 134, 134, 135, 0, 0, 0, 0, 0, 0, 0, 0, 0, 0, 0, 0)


(6216, 1859, -6.411083698272705, -1.4492138624191284, 7, 0, 0, 0, 0, 0, 0, 0, 0, 0, 0, 105, 0, 0, 0, 0, 0, 134, 133, 135, 0, 0, 0, 0, 0, 0, 0, 0, 0, 0, 0, 0)


(6233, 1859, -6.658639430999756, -1.6593142747879028, 7, 0, 0, 0, 0, 0, 0, 0, 0, 0, 0, 104, 0, 0, 0, 0, 0, 134, 133, 134, 0, 0, 0, 0, 0, 0, 0, 0, 0, 0, 0, 0)


(6250, 1858, -6.719732761383057, -1.704981803894043, 7, 0, 0, 0, 0, 0, 0, 0, 0, 0, 0, 104, 0, 0, 0, 0, 0, 133, 132, 134, 0, 0, 0, 0, 0, 0, 0, 0, 0, 0, 0, 0)


(6266, 1858, -6.658152103424072, -1.736352562904358, 7, 0, 0, 0, 0, 0, 0, 0, 0, 0, 0, 103, 0, 0, 0, 0, 0, 133, 132, 133, 0, 0, 0, 0, 0, 0, 0, 0, 0, 0, 0, 0)


(6283, 1858, -6.777190685272217, -1.766212821006775, 7, 0, 0, 0, 0, 0, 0, 0, 0, 0, 0, 103, 0, 0, 0, 0, 0, 133, 132, 133, 0, 0, 0, 0, 0, 0, 0, 0, 0, 0, 0, 0)


(6300, 1857, -6.380072593688965, -1.7613996267318726, 7, 0, 0, 0, 0, 0, 0, 0, 0, 0, 0, 103, 0, 0, 0, 0, 0, 132, 131, 132, 0, 0, 0, 0, 0, 0, 0, 0, 0, 0, 0, 0)


(6316, 1857, -6.568782329559326, -1.7070887088775635, 7, 0, 0, 0, 0, 0, 0, 0, 0, 0, 0, 102, 0, 0, 0, 0, 0, 132, 131, 132, 0, 0, 0, 0, 0, 0, 0, 0, 0, 0, 0, 0)


(6333, 1857, -6.495730876922607, -1.666005253791809, 7, 0, 0, 0, 0, 0, 0, 0, 0, 0, 0, 102, 0, 0, 0, 0, 0, 131, 130, 131, 0, 0, 0, 0, 0, 0, 0, 0, 0, 0, 0, 0)


(6350, 1856, -6.297783851623535, -1.7665892839431763, 7, 0, 0, 0, 0, 0, 0, 0, 0, 0, 0, 102, 0, 0, 0, 0, 0, 131, 130, 131, 0, 0, 0, 0, 0, 0, 0, 0, 0, 0, 0, 0)


(6366, 1856, -6.34227991104126, -1.6919903755187988, 7, 0, 0, 0, 0, 0, 0, 0, 0, 0, 0, 101, 0, 0, 0, 0, 0, 131, 130, 131, 0, 0, 0, 0, 0, 0, 0, 0, 0, 0, 0, 0)


(6383, 1855, -6.322429656982422, -1.4892888069152832, 7, 0, 0, 0, 0, 0, 0, 0, 0, 0, 0, 101, 0, 0, 0, 0, 0, 130, 129, 130, 0, 0, 0, 0, 0, 0, 0, 0, 0, 0, 0, 0)


(6400, 1855, -6.427272796630859, -1.629669189453125, 7, 0, 0, 0, 0, 0, 0, 0, 0, 0, 0, 100, 0, 0, 0, 0, 0, 130, 129, 130, 0, 0, 0, 0, 0, 0, 0, 0, 0, 0, 0, 0)


(6416, 1855, -6.2986555099487305, -1.4693362712860107, 8, 0, 0, 0, 0, 0, 0, 0, 0, 0, 0, 100, 0, 0, 0, 0, 0, 130, 128, 129, 0, 0, 0, 0, 0, 0, 0, 0, 0, 0, 0, 0)


(6433, 1854, -6.449216842651367, -1.470632791519165, 8, 0, 0, 0, 0, 0, 0, 0, 0, 0, 0, 100, 0, 0, 0, 0, 0, 129, 128, 129, 0, 0, 0, 0, 0, 0, 0, 0, 0, 0, 0, 0)


(6450, 1854, -6.683966636657715, -1.4778459072113037, 8, 0, 0, 0, 0, 0, 0, 0, 0, 0, 0, 99, 0, 0, 0, 0, 0, 129, 128, 128, 0, 0, 0, 0, 0, 0, 0, 0, 0, 0, 0, 0)


(6466, 1853, -6.452320575714111, -1.727176308631897, 8, 0, 0, 0, 0, 0, 0, 0, 0, 0, 0, 0, 0, 0, 0, 0, 0, 129, 127, 128, 0, 0, 0, 0, 0, 0, 0, 0, 0, 0, 0, 0)


(6483, 1853, -6.492810249328613, -1.7303200960159302, 8, 0, 0, 0, 0, 0, 0, 0, 0, 0, 0, 0, 0, 0, 0, 0, 0, 128, 127, 128, 0, 0, 0, 0, 0, 0, 0, 0, 0, 0, 0, 0)


(6500, 1853, -6.488415241241455, -1.7658854722976685, 8, 0, 0, 0, 0, 0, 0, 0, 0, 0, 0, 0, 0, 0, 0, 0, 0, 128, 126, 127, 0, 0, 0, 0, 0, 0, 0, 0, 0, 0, 0, 0)


(6516, 1852, -6.70434045791626, -1.539676308631897, 8, 0, 0, 0, 0, 0, 0, 0, 0, 0, 0, 0, 0, 0, 0, 0, 0, 128, 126, 127, 0, 0, 0, 0, 0, 0, 0, 0, 0, 0, 0, 0)


(6533, 1852, -6.8914947509765625, -1.4000670909881592, 8, 0, 0, 0, 0, 0, 0, 0, 0, 0, 0, 0, 0, 0, 0, 0, 0, 127, 126, 126, 0, 0, 0, 0, 0, 0, 0, 0, 0, 0, 0, 0)


(6550, 1851, -6.907632350921631, -1.2560395002365112, 8, 0, 0, 0, 0, 0, 0, 0, 0, 0, 0, 0, 0, 0, 0, 0, 0, 127, 125, 126, 0, 0, 0, 0, 0, 0, 0, 0, 0, 0, 0, 0)


(6566, 1851, -6.909001350402832, -1.1393754482269287, 8, 0, 0, 0, 0, 0, 0, 0, 0, 0, 0, 0, 0, 0, 0, 0, 0, 127, 125, 125, 0, 0, 0, 0, 0, 0, 0, 0, 0, 0, 0, 0)


(6583, 1851, -6.756059646606445, -0.9769616723060608, 8, 0, 0, 0, 0, 0, 0, 0, 0, 0, 0, 0, 0, 0, 0, 0, 0, 126, 125, 125, 0, 0, 0, 0, 0, 0, 0, 0, 0, 0, 0, 0)


(6600, 1850, -6.915806293487549, -0.8284185528755188, 8, 0, 0, 0, 0, 0, 0, 0, 0, 0, 0, 0, 0, 0, 0, 0, 0, 126, 124, 125, 0, 0, 0, 0, 0, 0, 0, 0, 0, 0, 0, 0)


(6616, 1850, -6.796489715576172, -1.0622390508651733, 8, 0, 0, 0, 0, 0, 0, 0, 0, 0, 0, 0, 0, 0, 0, 0, 0, 126, 124, 124, 0, 0, 0, 0, 0, 0, 0, 0, 0, 0, 0, 0)


(6633, 1849, -6.895565032958984, -1.2540202140808105, 8, 0, 0, 0, 0, 0, 0, 0, 0, 0, 0, 0, 0, 0, 0, 0, 0, 126, 123, 124, 0, 0, 0, 0, 0, 0, 0, 0, 0, 0, 0, 0)


(6649, 1849, -6.948985576629639, -1.3850358724594116, 8, 0, 0, 0, 0, 0, 0, 0, 0, 0, 0, 0, 0, 0, 0, 0, 0, 125, 123, 123, 0, 0, 0, 0, 0, 0, 0, 0, 0, 0, 0, 0)


(6666, 1849, -6.759069919586182, -1.4573944807052612, 8, 0, 0, 0, 0, 0, 0, 0, 0, 0, 0, 0, 0, 0, 0, 0, 0, 125, 123, 123, 0, 0, 0, 0, 0, 0, 0, 0, 0, 0, 0, 0)


(6683, 1848, -6.458954811096191, -1.4440535306930542, 8, 0, 0, 0, 0, 0, 0, 0, 0, 0, 0, 0, 0, 0, 0, 0, 0, 125, 122, 123, 0, 0, 0, 0, 0, 0, 0, 0, 0, 0, 0, 0)


(6700, 1848, -6.007416248321533, -1.239939570426941, 8, 0, 0, 0, 0, 0, 0, 0, 0, 0, 0, 0, 0, 0, 0, 0, 0, 0, 122, 122, 0, 0, 0, 0, 0, 0, 0, 0, 0, 0, 0, 0)


(6716, 1848, -6.13846492767334, -1.0876555442810059, 8, 0, 0, 0, 0, 0, 0, 0, 0, 0, 0, 0, 0, 0, 0, 0, 0, 0, 122, 122, 0, 0, 0, 0, 0, 0, 0, 0, 0, 0, 0, 0)


(6733, 1847, -6.059419631958008, -1.2703487873077393, 8, 0, 0, 0, 0, 0, 0, 0, 0, 0, 0, 0, 0, 0, 0, 0, 0, 0, 121, 121, 0, 0, 0, 0, 0, 0, 0, 0, 0, 0, 0, 0)


(6750, 1847, -6.18675422668457, -1.1064308881759644, 8, 0, 0, 0, 0, 0, 0, 0, 0, 0, 0, 0, 0, 0, 0, 0, 0, 0, 121, 121, 0, 0, 0, 0, 0, 0, 0, 0, 0, 0, 0, 0)


(6766, 1846, -6.022579193115234, -1.2404594421386719, 8, 0, 0, 0, 0, 0, 0, 0, 0, 0, 0, 0, 0, 0, 0, 0, 0, 0, 120, 120, 0, 0, 0, 0, 0, 0, 0, 0, 0, 0, 0, 0)


(6783, 1846, -6.2319746017456055, -1.3060266971588135, 8, 0, 0, 0, 0, 0, 0, 0, 0, 0, 0, 0, 0, 0, 0, 0, 0, 0, 120, 120, 0, 0, 0, 0, 0, 0, 0, 0, 0, 0, 0, 0)


(6800, 1846, -6.076892375946045, -1.3504130840301514, 8, 0, 0, 0, 0, 0, 0, 0, 0, 0, 0, 0, 0, 0, 0, 0, 0, 0, 120, 120, 0, 0, 0, 0, 0, 0, 0, 0, 0, 0, 0, 0)


(6816, 1845, -6.0535149574279785, -1.2756026983261108, 8, 0, 0, 0, 0, 0, 0, 0, 0, 0, 0, 0, 0, 0, 0, 0, 0, 0, 119, 119, 0, 0, 0, 0, 0, 0, 0, 0, 0, 0, 0, 0)


(6833, 1845, -5.947779655456543, -1.0641388893127441, 8, 0, 0, 0, 0, 0, 0, 0, 0, 0, 0, 0, 0, 0, 0, 0, 0, 0, 119, 119, 0, 0, 0, 0, 0, 0, 0, 0, 0, 0, 0, 0)


(6850, 1844, -6.0240654945373535, -1.1914950609207153, 8, 0, 0, 0, 0, 0, 0, 0, 0, 0, 0, 0, 0, 0, 0, 0, 0, 0, 118, 118, 0, 0, 0, 0, 0, 0, 0, 0, 0, 0, 0, 0)


(6866, 1844, -6.085836410522461, -1.1033076047897339, 8, 0, 0, 0, 0, 0, 0, 0, 0, 0, 0, 0, 0, 0, 0, 0, 0, 0, 118, 118, 0, 0, 0, 0, 0, 0, 0, 0, 0, 0, 0, 0)


(6883, 1844, -6.3451948165893555, -1.0689051151275635, 8, 0, 0, 0, 0, 0, 0, 0, 0, 0, 0, 0, 0, 0, 0, 0, 0, 0, 118, 118, 120, 0, 0, 0, 0, 0, 0, 0, 0, 0, 0, 0)


(6899, 1843, -6.324252128601074, -0.9917802810668945, 8, 0, 0, 0, 0, 0, 0, 0, 0, 0, 0, 0, 0, 0, 0, 0, 0, 0, 117, 117, 120, 0, 0, 0, 0, 0, 0, 0, 0, 0, 0, 0)


(6916, 1843, -6.226447105407715, -0.8918797969818115, 8, 0, 0, 0, 0, 0, 0, 0, 0, 0, 0, 0, 0, 0, 0, 0, 0, 0, 117, 117, 119, 0, 0, 0, 0, 0, 0, 0, 0, 0, 0, 0)


(6933, 1842, -6.213773250579834, -0.8882365822792053, 8, 0, 0, 0, 0, 0, 0, 0, 0, 0, 0, 0, 0, 0, 0, 0, 0, 0, 117, 116, 118, 0, 0, 0, 0, 0, 0, 0, 0, 0, 0, 0)


(6950, 1842, -6.214226245880127, -0.8640007376670837, 8, 0, 0, 0, 0, 0, 0, 0, 0, 0, 0, 0, 0, 0, 0, 0, 0, 0, 116, 116, 118, 0, 0, 0, 0, 0, 0, 0, 0, 0, 0, 0)


(6966, 1842, -6.279029846191406, -0.8836054801940918, 8, 0, 0, 0, 0, 0, 0, 0, 0, 0, 0, 0, 0, 0, 0, 0, 0, 0, 116, 116, 117, 0, 0, 0, 0, 0, 0, 0, 0, 0, 0, 0)


(6983, 1841, -6.3729658126831055, -0.7196667194366455, 8, 0, 0, 0, 0, 0, 0, 0, 0, 0, 0, 0, 0, 0, 0, 0, 0, 0, 115, 115, 117, 0, 0, 0, 0, 0, 0, 0, 0, 0, 0, 0)


(7000, 1841, -6.334738254547119, -0.49963101744651794, 8, 0, 0, 0, 0, 0, 0, 0, 0, 0, 0, 0, 0, 0, 0, 0, 0, 0, 115, 115, 116, 0, 0, 0, 0, 0, 0, 0, 0, 0, 0, 0)


(7016, 1840, -6.602786540985107, -0.5011510252952576, 8, 0, 0, 0, 0, 0, 0, 0, 0, 0, 0, 0, 0, 0, 0, 0, 0, 0, 115, 114, 116, 0, 0, 0, 0, 0, 0, 0, 0, 0, 0, 0)


(7033, 1840, -6.819057941436768, -0.5316017866134644, 8, 0, 0, 0, 0, 0, 0, 0, 0, 0, 85, 0, 0, 0, 0, 0, 0, 0, 114, 114, 115, 0, 0, 0, 0, 0, 0, 0, 0, 0, 0, 0)


(7050, 1840, -6.901541709899902, -0.5304003357887268, 8, 0, 0, 0, 0, 0, 0, 0, 0, 0, 85, 0, 0, 0, 0, 0, 0, 0, 114, 114, 115, 0, 0, 0, 0, 0, 0, 0, 0, 0, 0, 0)


(7066, 1839, -6.744745254516602, -0.3302713632583618, 8, 0, 0, 0, 0, 0, 0, 0, 0, 0, 85, 0, 0, 0, 0, 0, 0, 0, 114, 113, 115, 0, 0, 0, 0, 0, 0, 0, 0, 0, 0, 0)


(7083, 1839, -6.946781158447266, -0.23083123564720154, 8, 0, 0, 0, 0, 0, 0, 0, 0, 0, 84, 0, 0, 0, 0, 0, 0, 0, 113, 113, 114, 0, 0, 0, 0, 0, 0, 0, 0, 0, 0, 0)


(7100, 1838, -6.980528831481934, -0.21175894141197205, 8, 0, 0, 0, 0, 0, 0, 0, 0, 0, 84, 0, 0, 0, 0, 0, 0, 0, 113, 112, 114, 0, 0, 0, 0, 0, 0, 0, 0, 0, 0, 0)


(7116, 1838, -7.071815013885498, -0.224404975771904, 8, 0, 0, 0, 0, 0, 0, 0, 0, 0, 83, 0, 0, 0, 0, 0, 0, 0, 112, 112, 113, 0, 0, 0, 0, 0, 0, 0, 0, 0, 0, 0)


(7133, 1838, -7.304080486297607, -0.27465325593948364, 8, 0, 0, 0, 0, 0, 0, 0, 0, 0, 83, 0, 0, 0, 0, 0, 0, 0, 112, 112, 113, 0, 0, 0, 0, 0, 0, 0, 0, 0, 0, 0)


(7149, 1837, -7.2642598152160645, -0.27714312076568604, 8, 0, 0, 0, 0, 0, 0, 0, 0, 0, 82, 0, 0, 0, 0, 0, 0, 0, 112, 111, 112, 0, 0, 0, 0, 0, 0, 0, 0, 0, 0, 0)


(7166, 1837, -7.352837085723877, -0.31519198417663574, 8, 0, 0, 0, 0, 0, 0, 0, 0, 0, 82, 0, 0, 0, 0, 0, 0, 0, 111, 111, 112, 0, 0, 0, 0, 0, 0, 0, 0, 0, 0, 0)


(7183, 1837, -7.397294998168945, -0.3319492042064667, 8, 0, 0, 0, 0, 0, 0, 0, 0, 0, 82, 0, 0, 0, 0, 0, 0, 0, 111, 111, 112, 0, 0, 0, 0, 0, 0, 0, 0, 0, 0, 0)


(7200, 1836, -7.53452730178833, -0.24537523090839386, 8, 0, 0, 0, 0, 0, 0, 0, 0, 0, 81, 0, 0, 0, 0, 0, 0, 0, 111, 110, 111, 0, 0, 0, 0, 0, 0, 0, 0, 0, 0, 0)


(7216, 1836, -7.61909818649292, -0.40218600630760193, 8, 0, 0, 0, 0, 0, 0, 0, 0, 0, 81, 0, 0, 0, 0, 0, 0, 0, 110, 110, 111, 0, 0, 0, 0, 0, 0, 0, 0, 0, 0, 0)


(7233, 1835, -7.899063587188721, -0.5490429997444153, 8, 0, 0, 0, 0, 0, 0, 0, 0, 0, 81, 0, 0, 0, 0, 0, 0, 0, 110, 109, 110, 0, 0, 0, 0, 0, 0, 0, 0, 0, 0, 0)


(7250, 1835, -7.924252986907959, -0.5649436712265015, 8, 0, 0, 0, 0, 0, 0, 0, 0, 0, 80, 0, 0, 0, 0, 0, 0, 0, 110, 109, 110, 0, 0, 0, 0, 0, 0, 0, 0, 0, 0, 0)


(7266, 1835, -7.7171735763549805, -0.6959592700004578, 8, 0, 0, 0, 0, 0, 0, 0, 0, 0, 80, 0, 0, 0, 0, 0, 0, 0, 109, 109, 110, 0, 0, 0, 0, 0, 0, 0, 0, 0, 0, 0)


(7283, 1834, -7.6026387214660645, -0.841182291507721, 8, 0, 0, 0, 0, 0, 0, 0, 0, 0, 79, 0, 0, 0, 0, 0, 0, 0, 109, 108, 109, 0, 0, 0, 0, 0, 0, 0, 0, 0, 0, 0)


(7300, 1834, -7.9752678871154785, -0.8453839421272278, 8, 0, 0, 0, 0, 0, 0, 0, 0, 0, 79, 0, 0, 0, 0, 0, 0, 0, 108, 108, 109, 0, 0, 0, 0, 0, 0, 0, 0, 0, 0, 0)


(7316, 1834, -7.964315891265869, -0.7741701006889343, 8, 0, 0, 0, 0, 0, 0, 0, 0, 0, 79, 0, 0, 0, 0, 0, 0, 0, 108, 108, 108, 0, 0, 0, 0, 0, 0, 0, 0, 0, 0, 0)


(7333, 1833, -8.13196086883545, -0.6426571607589722, 8, 0, 0, 0, 0, 0, 0, 0, 0, 0, 78, 0, 0, 0, 0, 0, 0, 0, 108, 107, 108, 0, 0, 0, 0, 0, 0, 0, 0, 0, 0, 0)


(7350, 1833, -7.995425701141357, -0.2812038064002991, 8, 0, 0, 0, 0, 0, 0, 0, 0, 0, 78, 0, 0, 0, 0, 0, 0, 0, 107, 107, 108, 0, 0, 0, 0, 0, 0, 0, 0, 0, 0, 0)


(7366, 1832, -8.075641632080078, -0.5024217367172241, 8, 0, 0, 0, 0, 0, 0, 0, 0, 0, 78, 0, 0, 0, 0, 0, 0, 0, 107, 106, 107, 0, 0, 0, 0, 0, 0, 0, 0, 0, 0, 0)


(7383, 1832, -7.78107213973999, -0.37311822175979614, 8, 0, 0, 0, 0, 0, 0, 0, 0, 0, 77, 0, 0, 0, 0, 0, 0, 0, 107, 106, 107, 0, 0, 0, 0, 0, 0, 0, 0, 0, 0, 0)


(7399, 1832, -8.063580513000488, -0.3154340088367462, 8, 0, 0, 0, 0, 0, 0, 0, 0, 0, 77, 0, 0, 0, 0, 0, 0, 0, 106, 106, 106, 0, 0, 0, 0, 0, 0, 0, 0, 0, 0, 0)


(7416, 1831, -8.002923965454102, -0.41556498408317566, 8, 0, 0, 0, 0, 0, 0, 0, 0, 0, 77, 0, 0, 0, 0, 0, 0, 0, 106, 105, 106, 0, 0, 0, 0, 0, 0, 0, 0, 0, 0, 0)


(7433, 1831, -8.422966957092285, -0.4338686764240265, 8, 0, 0, 0, 0, 0, 0, 0, 0, 0, 76, 0, 0, 0, 0, 0, 0, 0, 106, 105, 106, 0, 0, 0, 0, 0, 0, 0, 0, 0, 0, 0)


(7450, 1831, -8.507078170776367, -0.3949204385280609, 8, 0, 0, 0, 0, 0, 0, 0, 0, 0, 76, 0, 0, 0, 0, 0, 0, 0, 105, 105, 105, 0, 0, 0, 0, 0, 0, 0, 0, 0, 0, 0)


(7466, 1830, -8.403092384338379, -0.4831228256225586, 8, 0, 0, 0, 0, 0, 0, 0, 0, 0, 76, 0, 0, 0, 0, 0, 0, 0, 105, 104, 105, 0, 0, 0, 0, 0, 0, 0, 0, 0, 0, 0)


(7483, 1830, -8.24089527130127, -0.47343331575393677, 8, 0, 0, 0, 0, 0, 0, 0, 0, 0, 75, 0, 0, 0, 0, 0, 0, 0, 105, 104, 104, 0, 0, 0, 0, 0, 0, 0, 0, 0, 0, 0)


(7500, 1830, -8.678521156311035, -0.33854904770851135, 8, 0, 0, 0, 0, 0, 0, 0, 0, 0, 75, 0, 0, 0, 0, 0, 0, 0, 104, 104, 104, 0, 0, 0, 0, 0, 0, 0, 0, 0, 0, 0)


(7516, 1829, -8.189753532409668, -0.2701660394668579, 8, 0, 0, 0, 0, 0, 0, 0, 0, 0, 75, 0, 0, 0, 0, 0, 0, 0, 104, 103, 104, 0, 0, 0, 0, 0, 0, 0, 0, 0, 0, 0)


(7533, 1829, -8.093389511108398, -0.00740810576826334, 8, 0, 0, 0, 0, 0, 0, 0, 0, 0, 74, 0, 0, 0, 0, 0, 0, 0, 104, 103, 103, 0, 0, 0, 0, 0, 0, 0, 0, 0, 0, 0)


(7550, 1828, -8.097780227661133, -0.20714282989501953, 8, 0, 0, 0, 0, 0, 0, 0, 0, 0, 0, 0, 0, 0, 0, 0, 0, 0, 103, 102, 103, 0, 0, 0, 0, 0, 0, 0, 0, 0, 0, 0)


(7566, 1828, -8.377034187316895, -0.2428164929151535, 8, 0, 0, 0, 0, 0, 0, 0, 0, 0, 0, 0, 0, 0, 0, 0, 0, 0, 103, 102, 103, 0, 0, 0, 0, 0, 0, 0, 0, 0, 0, 0)


(7583, 1828, -8.416139602661133, -0.3414689898490906, 8, 0, 0, 0, 0, 0, 0, 0, 0, 0, 0, 0, 0, 0, 0, 0, 0, 0, 103, 102, 102, 0, 0, 0, 0, 0, 0, 0, 0, 0, 0, 0)


(7600, 1827, -8.272170066833496, -0.447800874710083, 8, 0, 0, 0, 0, 0, 0, 0, 0, 0, 0, 0, 0, 0, 0, 0, 0, 0, 102, 101, 102, 0, 0, 0, 0, 0, 0, 0, 0, 0, 0, 0)


(7616, 1827, -8.120316505432129, -0.6700074672698975, 8, 0, 0, 0, 0, 0, 0, 0, 0, 0, 0, 0, 0, 0, 0, 0, 0, 0, 102, 101, 101, 0, 0, 0, 0, 0, 0, 0, 0, 0, 0, 0)


(7633, 1827, -8.25802993774414, -0.718133270740509, 8, 0, 0, 0, 0, 0, 0, 0, 0, 0, 0, 0, 0, 0, 0, 0, 0, 0, 102, 101, 101, 0, 0, 0, 0, 0, 0, 0, 0, 0, 0, 0)


(7649, 1826, -8.343988418579102, -0.586963415145874, 8, 0, 0, 0, 0, 0, 0, 0, 0, 0, 0, 0, 0, 0, 0, 0, 0, 0, 101, 100, 101, 0, 0, 0, 0, 0, 0, 0, 0, 0, 0, 0)


(7666, 1826, -8.638640403747559, -0.44666263461112976, 9, 0, 0, 0, 0, 0, 0, 0, 0, 0, 0, 0, 0, 0, 0, 0, 0, 0, 101, 100, 100, 0, 0, 0, 0, 0, 0, 0, 0, 0, 0, 0)


(7683, 1826, -8.519591331481934, -0.43957415223121643, 9, 0, 0, 0, 0, 0, 0, 0, 0, 0, 0, 0, 0, 0, 0, 0, 0, 0, 101, 100, 100, 0, 0, 0, 0, 0, 0, 0, 0, 0, 0, 0)


(7700, 1825, -8.534089088439941, -0.4938769042491913, 9, 0, 0, 0, 0, 0, 0, 0, 0, 71, 0, 0, 0, 0, 0, 0, 0, 0, 100, 99, 99, 0, 0, 0, 0, 0, 0, 0, 0, 0, 0, 0)


(7716, 1825, -8.26484203338623, -0.3953222632408142, 9, 0, 0, 0, 0, 0, 0, 0, 0, 70, 0, 0, 0, 0, 0, 0, 0, 0, 100, 99, 99, 0, 0, 0, 0, 0, 0, 0, 0, 0, 0, 0)


(7733, 1825, -8.154180526733398, -0.5062227845191956, 9, 0, 0, 0, 0, 0, 0, 0, 0, 70, 0, 0, 0, 0, 0, 0, 0, 0, 100, 99, 99, 0, 0, 0, 0, 0, 0, 0, 0, 0, 0, 0)


(7750, 1824, -8.110501289367676, -0.4222029149532318, 9, 0, 0, 0, 0, 0, 0, 0, 0, 69, 0, 0, 0, 0, 0, 0, 0, 0, 99, 98, 98, 101, 0, 0, 0, 0, 0, 0, 0, 0, 0, 0)


(7766, 1824, -7.826659679412842, -0.447874516248703, 9, 0, 0, 0, 0, 0, 0, 0, 0, 69, 0, 0, 0, 0, 0, 0, 0, 0, 99, 98, 98, 100, 0, 0, 0, 0, 0, 0, 0, 0, 0, 0)


(7783, 1823, -7.631637096405029, -0.49748915433883667, 9, 0, 0, 0, 0, 0, 0, 0, 0, 69, 0, 0, 0, 0, 0, 0, 0, 0, 99, 97, 98, 100, 0, 0, 0, 0, 0, 0, 0, 0, 0, 0)


(7800, 1823, -7.6599040031433105, -0.6009671092033386, 9, 0, 0, 0, 0, 0, 0, 0, 0, 68, 0, 0, 0, 0, 0, 0, 0, 0, 98, 97, 97, 99, 0, 0, 0, 0, 0, 0, 0, 0, 0, 0)


(7816, 1823, -7.5446624755859375, -0.5071718096733093, 9, 0, 0, 0, 0, 0, 0, 0, 0, 68, 0, 0, 0, 0, 0, 0, 0, 0, 98, 97, 97, 99, 0, 0, 0, 0, 0, 0, 0, 0, 0, 0)


(7833, 1822, -7.746248245239258, -0.3563925325870514, 9, 0, 0, 0, 0, 0, 0, 0, 0, 68, 0, 0, 0, 0, 0, 0, 0, 0, 97, 96, 96, 98, 0, 0, 0, 0, 0, 0, 0, 0, 0, 0)


(7850, 1822, -8.259653091430664, -0.11759129911661148, 9, 0, 0, 0, 0, 0, 0, 0, 0, 67, 0, 0, 0, 0, 0, 0, 0, 0, 97, 96, 96, 98, 0, 0, 0, 0, 0, 0, 0, 0, 0, 0)


(7866, 1822, -8.123982429504395, -0.07756508886814117, 9, 0, 0, 0, 0, 0, 0, 0, 0, 67, 0, 0, 0, 0, 0, 0, 0, 0, 97, 96, 96, 97, 0, 0, 0, 0, 0, 0, 0, 0, 0, 0)


(7883, 1821, -8.179703712463379, -0.060885436832904816, 9, 0, 0, 0, 0, 0, 0, 0, 0, 66, 0, 0, 0, 0, 0, 0, 0, 0, 96, 95, 95, 97, 0, 0, 0, 0, 0, 0, 0, 0, 0, 0)


(7899, 1821, -8.2582426071167, -0.08268353343009949, 9, 0, 0, 0, 0, 0, 0, 0, 0, 66, 0, 0, 0, 0, 0, 0, 0, 0, 96, 95, 95, 96, 0, 0, 0, 0, 0, 0, 0, 0, 0, 0)


(7916, 1820, -8.09280014038086, -0.09235654026269913, 9, 0, 0, 0, 0, 0, 0, 0, 0, 66, 0, 0, 0, 0, 0, 0, 0, 0, 96, 95, 95, 96, 0, 0, 0, 0, 0, 0, 0, 0, 0, 0)


(7933, 1820, -8.260804176330566, -0.10081999748945236, 9, 0, 0, 0, 0, 0, 0, 0, 0, 65, 0, 0, 0, 0, 0, 0, 0, 0, 95, 94, 94, 96, 0, 0, 0, 0, 0, 0, 0, 0, 0, 0)


(7950, 1820, -8.45354175567627, -0.29989203810691833, 9, 0, 0, 0, 0, 0, 0, 0, 0, 65, 0, 0, 0, 0, 0, 0, 0, 0, 95, 94, 94, 95, 0, 0, 0, 0, 0, 0, 0, 0, 0, 0)


(7966, 1819, -8.075547218322754, -0.16402843594551086, 9, 0, 0, 0, 0, 0, 0, 0, 0, 65, 0, 0, 0, 0, 0, 0, 0, 0, 95, 93, 93, 95, 0, 0, 0, 0, 0, 0, 0, 0, 0, 0)


(7983, 1819, -8.051288604736328, -0.331423819065094, 9, 0, 0, 0, 0, 0, 0, 0, 0, 64, 0, 0, 0, 0, 0, 0, 0, 0, 94, 93, 93, 94, 0, 0, 0, 0, 0, 0, 0, 0, 0, 0)


(8000, 1819, -8.3671293258667, -0.3584544360637665, 9, 0, 0, 0, 0, 0, 0, 0, 0, 64, 0, 0, 0, 0, 0, 0, 0, 0, 94, 93, 93, 94, 0, 0, 0, 0, 0, 0, 0, 0, 0, 0)


(8016, 1818, -8.486638069152832, -0.4008215069770813, 9, 0, 0, 0, 0, 0, 0, 0, 0, 64, 0, 0, 0, 0, 0, 0, 0, 0, 94, 92, 92, 93, 0, 0, 0, 0, 0, 0, 0, 0, 0, 0)


(8033, 1818, -8.413838386535645, -0.40891215205192566, 9, 0, 0, 0, 0, 0, 0, 0, 0, 63, 0, 0, 0, 0, 0, 0, 0, 0, 93, 92, 92, 93, 0, 0, 0, 0, 0, 0, 0, 0, 0, 0)


(8050, 1818, -8.141263008117676, -0.4120577573776245, 9, 0, 0, 0, 0, 0, 0, 0, 0, 63, 0, 0, 0, 0, 0, 0, 0, 0, 93, 92, 92, 93, 0, 0, 0, 0, 0, 0, 0, 0, 0, 0)


(8066, 1817, -8.003975868225098, -0.4238124191761017, 9, 0, 0, 0, 0, 0, 0, 0, 0, 63, 0, 0, 0, 0, 0, 0, 0, 0, 93, 91, 91, 92, 0, 0, 0, 0, 0, 0, 0, 0, 0, 0)


(8083, 1817, -8.025689125061035, -0.009829583577811718, 9, 0, 0, 0, 0, 0, 0, 0, 0, 62, 0, 0, 0, 0, 0, 0, 0, 0, 92, 91, 91, 92, 0, 0, 0, 0, 0, 0, 0, 0, 0, 0)


(8100, 1816, -7.978024005889893, -0.14200669527053833, 9, 0, 0, 0, 0, 0, 0, 0, 0, 62, 0, 0, 0, 0, 0, 0, 0, 0, 92, 91, 91, 91, 0, 0, 0, 0, 0, 0, 0, 0, 0, 0)


(8116, 1816, -8.010930061340332, -0.19053468108177185, 9, 0, 0, 0, 0, 0, 0, 0, 0, 0, 0, 0, 0, 0, 0, 0, 0, 0, 92, 90, 90, 91, 0, 0, 0, 0, 0, 0, 0, 0, 0, 0)


(8133, 1816, -8.23745059967041, -0.4700008034706116, 9, 0, 0, 0, 0, 0, 0, 0, 0, 0, 0, 0, 0, 0, 0, 0, 0, 0, 91, 90, 90, 91, 0, 0, 0, 0, 0, 0, 0, 0, 0, 0)


(8150, 1815, -8.055042266845703, -0.20704227685928345, 9, 0, 0, 0, 0, 0, 0, 0, 61, 0, 0, 0, 0, 0, 0, 0, 0, 0, 91, 90, 89, 90, 0, 0, 0, 0, 0, 0, 0, 0, 0, 0)


(8166, 1815, -8.117609024047852, -0.19336596131324768, 9, 0, 0, 0, 0, 0, 0, 0, 60, 0, 0, 0, 0, 0, 0, 0, 0, 0, 91, 89, 89, 90, 0, 0, 0, 0, 0, 0, 0, 0, 0, 0)


(8183, 1815, -8.02679443359375, -0.2249489724636078, 9, 0, 0, 0, 0, 0, 0, 0, 60, 0, 0, 0, 0, 0, 0, 0, 0, 0, 90, 89, 89, 89, 0, 0, 0, 0, 0, 0, 0, 0, 0, 0)


(8200, 1814, -8.080309867858887, -0.24567018449306488, 9, 0, 0, 0, 0, 0, 0, 0, 60, 0, 0, 0, 0, 0, 0, 0, 0, 0, 90, 89, 88, 89, 0, 0, 0, 0, 0, 0, 0, 0, 0, 0)


(8216, 1814, -7.755853652954102, -0.11436618119478226, 9, 0, 0, 0, 0, 0, 0, 0, 59, 0, 0, 0, 0, 0, 0, 0, 0, 0, 90, 88, 88, 89, 0, 0, 0, 0, 0, 0, 0, 0, 0, 0)


